Year Month Day  Control
2006     7   1   21.017
2006     7   2   20.284
2006     7   3   19.551
2006     7   4   18.819
2006     7   5   18.086
2006     7   6   17.353
2006     7   7   16.919
2006     7   8   17.344
2006     7   9   17.811
2006     7  10   17.824
2006     7  11   17.942
2006     7  12   18.332
2006     7  13   18.728
2006     7  14   18.918
2006     7  15   19.268
2006     7  16   19.703
2006     7  17   20.199
2006     7  18   20.576
2006     7  19   19.767
2006     7  20   18.674
2006     7  21   19.313
2006     7  22   19.108
2006     7  23   18.368
2006     7  24   17.990
2006     7  25   18.745
2006     7  26   19.378
2006     7  27   20.200
2006     7  28   20.534
2006     7  29   20.120
2006     7  30   20.151
2006     7  31   19.561
2006     8   1   15.749
2006     8   2   21.887
2006     8   3   21.692
2006     8   4   19.775
2006     8   5   19.561
2006     8   6   18.697
2006     8   7   19.543
2006     8   8   19.219
2006     8   9   18.198
2006     8  10   18.344
2006     8  11   17.467
2006     8  12   16.491
2006     8  13   16.272
2006     8  14   17.328
2006     8  15   18.314
2006     8  16   17.959
2006     8  17   18.316
2006     8  18   18.430
2006     8  19   18.403
2006     8  20   18.878
2006     8  21   18.007
2006     8  22   17.904
2006     8  23   18.254
2006     8  24   17.134
2006     8  25   16.023
2006     8  26   16.262
2006     8  27   15.206
2006     8  28   15.663
2006     8  29   15.983
2006     8  30   16.530
2006     8  31   15.536
2006     9   1   12.276
2006     9   2   15.303
2006     9   3   15.575
2006     9   4   16.091
2006     9   5   15.734
2006     9   6   16.106
2006     9   7   16.475
2006     9   8   16.898
2006     9   9   17.357
2006     9  10   15.590
2006     9  11   14.116
2006     9  12   13.833
2006     9  13   13.901
2006     9  14   14.737
2006     9  15   15.860
2006     9  16   16.581
2006     9  17   16.998
2006     9  18   17.472
2006     9  19   17.753
2006     9  20   16.289
2006     9  21   14.116
2006     9  22   13.777
2006     9  23   14.805
2006     9  24   16.364
2006     9  25   14.783
2006     9  26   13.806
2006     9  27   13.570
2006     9  28   14.415
2006     9  29   13.934
2006     9  30   12.153
2006    10   1   10.051
2006    10   2   12.568
2006    10   3   13.300
2006    10   4   14.895
2006    10   5   13.152
2006    10   6   11.212
2006    10   7   10.998
2006    10   8   11.657
2006    10   9   12.901
2006    10  10   13.503
2006    10  11   12.498
2006    10  12   13.104
2006    10  13   10.601
2006    10  14    9.694
2006    10  15    9.156
2006    10  16    9.252
2006    10  17    9.385
2006    10  18   11.262
2006    10  19   11.907
2006    10  20   12.680
2006    10  21    9.693
2006    10  22    8.945
2006    10  23    9.617
2006    10  24    8.552
2006    10  25    8.097
2006    10  26    7.719
2006    10  27    7.158
2006    10  28    8.647
2006    10  29    7.853
2006    10  30    7.741
2006    10  31    8.889
2006    11   1    8.583
2006    11   2    8.277
2006    11   3    6.243
2006    11   4    5.621
2006    11   5    5.349
2006    11   6    6.380
2006    11   7    7.325
2006    11   8    9.278
2006    11   9   10.671
2006    11  10    9.404
2006    11  11    8.866
2006    11  12   10.330
2006    11  13    9.821
2006    11  14    8.516
2006    11  15    8.350
2006    11  16    7.821
2006    11  17    6.952
2006    11  18    6.782
2006    11  19    6.432
2006    11  20    5.804
2006    11  21    5.224
2006    11  22    5.760
2006    11  23    5.702
2006    11  24    5.063
2006    11  25    5.185
2006    11  26    5.430
2006    11  27    5.846
2006    11  28    5.211
2006    11  29    4.783
2006    11  30    4.225
2006    12   1    4.510
2006    12   2    4.800
2006    12   3    4.611
2006    12   4    4.426
2006    12   5    4.306
2006    12   6    4.467
2006    12   7    3.701
2006    12   8    3.382
2006    12   9    3.346
2006    12  10    3.686
2006    12  11    3.769
2006    12  12    3.862
2006    12  13    3.993
2006    12  14    4.048
2006    12  15    5.995
2006    12  16    5.205
2006    12  17    4.936
2006    12  18    5.984
2006    12  19    3.943
2006    12  20    2.910
2006    12  21    3.260
2006    12  22    3.013
2006    12  23    4.604
2006    12  24    4.340
2006    12  25    3.579
2006    12  26    4.132
2006    12  27    3.563
2006    12  28    2.720
2006    12  29    2.116
2006    12  30    1.811
2006    12  31    1.583
2007     1   1    1.767
2007     1   2    2.052
2007     1   3    1.912
2007     1   4    2.640
2007     1   5    5.305
2007     1   6    8.250
2007     1   7    5.269
2007     1   8    4.474
2007     1   9    3.022
2007     1  10    2.077
2007     1  11    1.275
2007     1  12    1.529
2007     1  13    2.331
2007     1  14    2.511
2007     1  15    2.458
2007     1  16    1.937
2007     1  17    0.335
2007     1  18    0.050
2007     1  19    0.513
2007     1  20   -0.031
2007     1  21   -0.875
2007     1  22   -0.539
2007     1  23   -0.409
2007     1  24   -0.419
2007     1  25   -1.031
2007     1  26   -2.266
2007     1  27   -1.716
2007     1  28   -0.642
2007     1  29   -1.330
2007     1  30   -1.475
2007     1  31   -1.231
2007     2   1   -1.083
2007     2   2   -0.513
2007     2   3   -0.158
2007     2   4   -0.604
2007     2   5   -0.987
2007     2   6   -1.023
2007     2   7   -1.174
2007     2   8   -1.108
2007     2   9   -0.997
2007     2  10   -0.971
2007     2  11   -0.933
2007     2  12   -0.850
2007     2  13   -1.218
2007     2  14   -0.814
2007     2  15   -0.623
2007     2  16   -0.671
2007     2  17   -0.540
2007     2  18   -0.412
2007     2  19   -0.619
2007     2  20   -0.528
2007     2  21   -0.146
2007     2  22   -0.169
2007     2  23   -0.024
2007     2  24   -0.129
2007     2  25   -0.181
2007     2  26   -0.079
2007     2  27   -0.014
2007     2  28    0.019
2007     3   1   -0.044
2007     3   2    0.014
2007     3   3    0.066
2007     3   4    0.077
2007     3   5    0.003
2007     3   6   -0.279
2007     3   7   -0.696
2007     3   8   -0.752
2007     3   9   -0.834
2007     3  10   -0.404
2007     3  11    0.046
2007     3  12    0.105
2007     3  13    0.123
2007     3  14    0.132
2007     3  15    0.167
2007     3  16    0.025
2007     3  17    0.116
2007     3  18    0.110
2007     3  19    0.107
2007     3  20    0.153
2007     3  21    0.113
2007     3  22    0.170
2007     3  23    0.186
2007     3  24    0.194
2007     3  25    0.215
2007     3  26    0.223
2007     3  27    0.725
2007     3  28    0.705
2007     3  29    0.552
2007     3  30    0.990
2007     3  31    1.218
2007     4   1    1.653
2007     4   2    1.279
2007     4   3    1.358
2007     4   4    0.799
2007     4   5    0.720
2007     4   6    0.472
2007     4   7    0.438
2007     4   8    0.473
2007     4   9    0.759
2007     4  10    0.828
2007     4  11    1.495
2007     4  12    1.192
2007     4  13    1.022
2007     4  14    1.565
2007     4  15    1.311
2007     4  16    2.020
2007     4  17    2.476
2007     4  18    3.058
2007     4  19    4.809
2007     4  20    5.766
2007     4  21    6.954
2007     4  22    7.936
2007     4  23    9.346
2007     4  24    9.958
2007     4  25    7.710
2007     4  26    7.584
2007     4  27    7.395
2007     4  28    8.863
2007     4  29    8.816
2007     4  30    8.590
2007     5   1    8.666
2007     5   2    9.035
2007     5   3    8.753
2007     5   4    8.871
2007     5   5    8.905
2007     5   6    8.802
2007     5   7    9.192
2007     5   8   10.325
2007     5   9   11.813
2007     5  10   13.360
2007     5  11   13.590
2007     5  12   12.852
2007     5  13   11.446
2007     5  14   11.091
2007     5  15   11.631
2007     5  16   12.884
2007     5  17   11.080
2007     5  18    9.263
2007     5  19    8.583
2007     5  20    9.793
2007     5  21   10.558
2007     5  22   10.857
2007     5  23   11.439
2007     5  24   12.633
2007     5  25   14.267
2007     5  26   14.544
2007     5  27   14.100
2007     5  28   14.095
2007     5  29   13.437
2007     5  30   13.713
2007     5  31   13.755
2007     6   1   14.416
2007     6   2   15.374
2007     6   3   14.635
2007     6   4   12.770
2007     6   5   14.181
2007     6   6   12.923
2007     6   7   12.312
2007     6   8   14.237
2007     6   9   14.472
2007     6  10   14.144
2007     6  11   14.946
2007     6  12   15.411
2007     6  13   13.871
2007     6  14   12.963
2007     6  15   13.380
2007     6  16   14.090
2007     6  17   15.044
2007     6  18   15.329
2007     6  19   16.011
2007     6  20   15.944
2007     6  21   15.247
2007     6  22   14.303
2007     6  23   13.490
2007     6  24   13.825
2007     6  25   15.631
2007     6  26   17.092
2007     6  27   18.210
2007     6  28   18.145
2007     6  29   16.330
2007     6  30   15.562
2007     7   1   14.684
2007     7   2   14.039
2007     7   3   14.445
2007     7   4   14.795
2007     7   5   16.163
2007     7   6   16.768
2007     7   7   16.241
2007     7   8   16.971
2007     7   9   17.431
2007     7  10   18.843
2007     7  11   19.269
2007     7  12   18.151
2007     7  13   17.189
2007     7  14   17.043
2007     7  15   17.687
2007     7  16   17.427
2007     7  17   17.577
2007     7  18   17.383
2007     7  19   17.833
2007     7  20   18.448
2007     7  21   17.214
2007     7  22   17.241
2007     7  23   16.736
2007     7  24   17.060
2007     7  25   17.794
2007     7  26   18.463
2007     7  27   19.218
2007     7  28   19.090
2007     7  29   19.278
2007     7  30   19.236
2007     7  31   19.217
2007     8   1   19.477
2007     8   2   19.832
2007     8   3   19.699
2007     8   4   20.121
2007     8   5   20.543
2007     8   6   18.747
2007     8   7   19.301
2007     8   8   19.762
2007     8   9   18.682
2007     8  10   16.843
2007     8  11   16.580
2007     8  12   18.167
2007     8  13   18.585
2007     8  14   17.271
2007     8  15   17.270
2007     8  16   18.005
2007     8  17   18.290
2007     8  18   16.153
2007     8  19   15.271
2007     8  20   15.027
2007     8  21   14.963
2007     8  22   14.591
2007     8  23   15.571
2007     8  24   17.578
2007     8  25   19.241
2007     8  26   19.139
2007     8  27   18.126
2007     8  28   18.006
2007     8  29   18.231
2007     8  30   18.799
2007     8  31   18.366
2007     9   1   16.614
2007     9   2   15.653
2007     9   3   16.559
2007     9   4   16.715
2007     9   5   15.539
2007     9   6   16.069
2007     9   7   18.118
2007     9   8   19.163
2007     9   9   18.481
2007     9  10   16.745
2007     9  11   16.111
2007     9  12   15.694
2007     9  13   15.144
2007     9  14   15.510
2007     9  15   15.218
2007     9  16   13.334
2007     9  17   13.235
2007     9  18   13.194
2007     9  19   13.624
2007     9  20   14.910
2007     9  21   16.385
2007     9  22   16.565
2007     9  23   16.046
2007     9  24   15.591
2007     9  25   16.245
2007     9  26   17.931
2007     9  27   18.468
2007     9  28   17.589
2007     9  29   15.409
2007     9  30   14.278
2007    10   1   14.132
2007    10   2   14.063
2007    10   3   15.231
2007    10   4   16.937
2007    10   5   17.078
2007    10   6   17.754
2007    10   7   16.856
2007    10   8   15.906
2007    10   9   15.335
2007    10  10   13.859
2007    10  11   13.884
2007    10  12   13.054
2007    10  13   11.317
2007    10  14   11.381
2007    10  15   11.095
2007    10  16   11.192
2007    10  17   11.581
2007    10  18   13.669
2007    10  19   15.541
2007    10  20   15.657
2007    10  21   14.288
2007    10  22   14.643
2007    10  23   15.607
2007    10  24   14.501
2007    10  25   12.812
2007    10  26   11.800
2007    10  27   13.050
2007    10  28   11.998
2007    10  29    9.578
2007    10  30    9.853
2007    10  31   10.726
2007    11   1   11.438
2007    11   2    9.768
2007    11   3    9.016
2007    11   4    8.532
2007    11   5    9.035
2007    11   6    8.949
2007    11   7    7.477
2007    11   8    6.709
2007    11   9    6.564
2007    11  10    6.417
2007    11  11    5.398
2007    11  12    5.555
2007    11  13    7.280
2007    11  14    7.599
2007    11  15    9.571
2007    11  16    7.567
2007    11  17    5.728
2007    11  18    5.139
2007    11  19    4.633
2007    11  20    4.363
2007    11  21    4.861
2007    11  22    7.066
2007    11  23    5.642
2007    11  24    3.897
2007    11  25    3.470
2007    11  26    4.236
2007    11  27    6.772
2007    11  28    4.995
2007    11  29    5.025
2007    11  30    4.293
2007    12   1    3.479
2007    12   2    2.466
2007    12   3    2.409
2007    12   4    2.508
2007    12   5    2.341
2007    12   6    2.128
2007    12   7    1.936
2007    12   8    2.107
2007    12   9    2.211
2007    12  10    2.375
2007    12  11    2.414
2007    12  12    2.547
2007    12  13    2.488
2007    12  14    2.474
2007    12  15    2.635
2007    12  16    2.719
2007    12  17    2.775
2007    12  18    2.825
2007    12  19    2.852
2007    12  20    2.890
2007    12  21    2.952
2007    12  22    3.005
2007    12  23    2.978
2007    12  24    2.807
2007    12  25    2.916
2007    12  26    2.935
2007    12  27    2.989
2007    12  28    2.979
2007    12  29    2.883
2007    12  30    2.914
2007    12  31    2.942
2008     1   1    2.941
2008     1   2    2.920
2008     1   3    2.906
2008     1   4    2.799
2008     1   5    2.774
2008     1   6    2.845
2008     1   7    2.860
2008     1   8    2.757
2008     1   9    2.612
2008     1  10    2.644
2008     1  11    2.595
2008     1  12    2.612
2008     1  13    2.372
2008     1  14    2.392
2008     1  15    2.520
2008     1  16    2.599
2008     1  17    2.563
2008     1  18    2.523
2008     1  19    2.561
2008     1  20    2.550
2008     1  21    2.347
2008     1  22    2.116
2008     1  23    2.099
2008     1  24    2.073
2008     1  25    1.955
2008     1  26    1.809
2008     1  27    1.791
2008     1  28    1.839
2008     1  29    1.871
2008     1  30    1.914
2008     1  31    1.989
2008     2   1    1.979
2008     2   2    1.924
2008     2   3    2.036
2008     2   4    2.131
2008     2   5    2.108
2008     2   6    2.051
2008     2   7    2.036
2008     2   8    2.184
2008     2   9    2.234
2008     2  10    2.291
2008     2  11    2.315
2008     2  12    2.237
2008     2  13    2.078
2008     2  14    2.055
2008     2  15    2.197
2008     2  16    2.249
2008     2  17    2.194
2008     2  18    2.049
2008     2  19    2.124
2008     2  20    2.232
2008     2  21    2.178
2008     2  22    2.028
2008     2  23    1.980
2008     2  24    2.017
2008     2  25    2.068
2008     2  26    2.124
2008     2  27    1.813
2008     2  28    1.453
2008     2  29    1.603
2008     3   1    1.575
2008     3   2    1.525
2008     3   3    1.496
2008     3   4    1.333
2008     3   5    1.158
2008     3   6    1.291
2008     3   7    1.626
2008     3   8    1.417
2008     3   9    1.441
2008     3  10    1.605
2008     3  11    1.891
2008     3  12    1.719
2008     3  13    1.744
2008     3  14    1.655
2008     3  15    1.534
2008     3  16    1.628
2008     3  17    1.744
2008     3  18    1.962
2008     3  19    1.883
2008     3  20    1.847
2008     3  21    1.926
2008     3  22    1.874
2008     3  23    1.856
2008     3  24    1.806
2008     3  25    1.709
2008     3  26    1.617
2008     3  27    1.789
2008     3  28    1.846
2008     3  29    1.716
2008     3  30    1.808
2008     3  31    1.611
2008     4   1    1.890
2008     4   2    2.752
2008     4   3    2.825
2008     4   4    2.609
2008     4   5    3.971
2008     4   6    3.520
2008     4   7    4.657
2008     4   8    5.522
2008     4   9    6.032
2008     4  10    7.949
2008     4  11    6.631
2008     4  12    8.336
2008     4  13    7.114
2008     4  14    5.908
2008     4  15    6.311
2008     4  16    7.381
2008     4  17    8.662
2008     4  18    9.761
2008     4  19   11.017
2008     4  20   10.575
2008     4  21   10.709
2008     4  22   11.012
2008     4  23   11.896
2008     4  24   11.996
2008     4  25   11.341
2008     4  26   11.040
2008     4  27   10.211
2008     4  28    8.738
2008     4  29    8.589
2008     4  30    7.655
2008     5   1    8.170
2008     5   2    8.164
2008     5   3    7.789
2008     5   4    8.195
2008     5   5    9.597
2008     5   6   10.948
2008     5   7   11.474
2008     5   8   12.109
2008     5   9   10.646
2008     5  10   10.603
2008     5  11   10.987
2008     5  12   10.095
2008     5  13   10.642
2008     5  14   11.541
2008     5  15   11.278
2008     5  16   11.001
2008     5  17   11.278
2008     5  18   11.415
2008     5  19   10.159
2008     5  20   10.138
2008     5  21   10.541
2008     5  22   10.014
2008     5  23   10.449
2008     5  24   10.973
2008     5  25   11.717
2008     5  26   12.701
2008     5  27   13.957
2008     5  28   12.368
2008     5  29   12.174
2008     5  30   13.046
2008     5  31   13.533
2008     6   1   13.588
2008     6   2   13.429
2008     6   3   14.112
2008     6   4   13.636
2008     6   5   13.138
2008     6   6   12.973
2008     6   7   14.919
2008     6   8   17.202
2008     6   9   18.101
2008     6  10   18.827
2008     6  11   18.017
2008     6  12   16.826
2008     6  13   16.070
2008     6  14   16.601
2008     6  15   15.959
2008     6  16   15.352
2008     6  17   15.265
2008     6  18   14.530
2008     6  19   14.796
2008     6  20   15.142
2008     6  21   15.763
2008     6  22   16.093
2008     6  23   16.502
2008     6  24   16.538
2008     6  25   16.398
2008     6  26   16.425
2008     6  27   17.256
2008     6  28   17.619
2008     6  29   17.710
2008     6  30   18.460
2008     7   1   18.344
2008     7   2   18.222
2008     7   3   18.050
2008     7   4   17.724
2008     7   5   17.506
2008     7   6   18.309
2008     7   7   19.167
2008     7   8   19.991
2008     7   9   20.308
2008     7  10   19.446
2008     7  11   18.372
2008     7  12   18.887
2008     7  13   19.198
2008     7  14   19.079
2008     7  15   18.832
2008     7  16   19.051
2008     7  17   19.498
2008     7  18   19.989
2008     7  19   20.205
2008     7  20   20.560
2008     7  21   20.675
2008     7  22   20.267
2008     7  23   19.510
2008     7  24   19.700
2008     7  25   20.123
2008     7  26   19.809
2008     7  27   19.431
2008     7  28   19.517
2008     7  29   19.969
2008     7  30   19.982
2008     7  31   20.361
2008     8   1   20.363
2008     8   2   19.973
2008     8   3   19.542
2008     8   4   19.422
2008     8   5   19.274
2008     8   6   18.867
2008     8   7   18.917
2008     8   8   18.196
2008     8   9   18.108
2008     8  10   18.433
2008     8  11   17.880
2008     8  12   17.738
2008     8  13   18.002
2008     8  14   18.499
2008     8  15   18.508
2008     8  16   18.505
2008     8  17   18.473
2008     8  18   19.330
2008     8  19   18.741
2008     8  20   16.603
2008     8  21   17.018
2008     8  22   18.202
2008     8  23   18.591
2008     8  24   18.843
2008     8  25   18.789
2008     8  26   16.564
2008     8  27   16.390
2008     8  28   17.057
2008     8  29   16.920
2008     8  30   17.687
2008     8  31   17.628
2008     9   1   17.117
2008     9   2   17.698
2008     9   3   17.712
2008     9   4   18.394
2008     9   5   19.211
2008     9   6   19.546
2008     9   7   19.013
2008     9   8   17.773
2008     9   9   17.230
2008     9  10   17.044
2008     9  11   16.859
2008     9  12   16.673
2008     9  13   16.487
2008     9  14   16.302
2008     9  15   16.116
2008     9  16   15.931
2008     9  17   15.745
2008     9  18   15.559
2008     9  19   15.374
2008     9  20   15.188
2008     9  21   15.002
2008     9  22   14.817
2008     9  23   13.890
2008     9  24   14.067
2008     9  25   13.763
2008     9  26   13.979
2008     9  27   15.359
2008     9  28   16.723
2008     9  29   16.583
2008     9  30   15.807
2008    10   1   15.654
2008    10   2   14.309
2008    10   3   12.521
2008    10   4   11.861
2008    10   5   11.878
2008    10   6   11.519
2008    10   7   10.848
2008    10   8   11.600
2008    10   9   13.282
2008    10  10   13.297
2008    10  11   13.025
2008    10  12   13.008
2008    10  13   13.510
2008    10  14   13.207
2008    10  15   13.491
2008    10  16   13.573
2008    10  17   11.940
2008    10  18   10.340
2008    10  19    9.363
2008    10  20    9.389
2008    10  21    9.930
2008    10  22    9.144
2008    10  23    8.382
2008    10  24    8.570
2008    10  25   10.265
2008    10  26   12.073
2008    10  27   11.424
2008    10  28   10.489
2008    10  29    8.159
2008    10  30    7.323
2008    10  31    7.771
2008    11   1    9.122
2008    11   2    7.501
2008    11   3    7.300
2008    11   4    9.325
2008    11   5   10.835
2008    11   6   11.839
2008    11   7   12.482
2008    11   8   12.798
2008    11   9   11.623
2008    11  10    9.856
2008    11  11    8.094
2008    11  12    7.553
2008    11  13    7.397
2008    11  14    9.627
2008    11  15   11.903
2008    11  16   11.526
2008    11  17    8.184
2008    11  18    6.420
2008    11  19    4.889
2008    11  20    3.946
2008    11  21    3.416
2008    11  22    2.671
2008    11  23    2.012
2008    11  24    2.007
2008    11  25    2.874
2008    11  26    3.799
2008    11  27    3.700
2008    11  28    3.812
2008    11  29    3.901
2008    11  30    3.373
2008    12   1    4.423
2008    12   2    4.429
2008    12   3    3.660
2008    12   4    3.700
2008    12   5    3.545
2008    12   6    2.819
2008    12   7    2.714
2008    12   8    2.296
2008    12   9    3.346
2008    12  10    3.686
2008    12  11    3.769
2008    12  12    3.862
2008    12  13    3.993
2008    12  14    3.805
2008    12  15    4.072
2008    12  16    3.648
2008    12  17    3.428
2008    12  18    3.569
2008    12  19    3.165
2008    12  20    2.971
2008    12  21    2.902
2008    12  22    3.156
2008    12  23    3.493
2008    12  24    3.553
2008    12  25    3.404
2008    12  26    3.566
2008    12  27    3.314
2008    12  28    2.942
2008    12  29    2.752
2008    12  30    2.558
2008    12  31    2.496
2009     1   1    2.156
2009     1   2    2.039
2009     1   3    2.033
2009     1   4    1.977
2009     1   5    2.007
2009     1   6    1.985
2009     1   7    2.002
2009     1   8    2.115
2009     1   9    2.215
2009     1  10    2.077
2009     1  11    1.977
2009     1  12    2.018
2009     1  13    2.069
2009     1  14    2.127
2009     1  15    2.017
2009     1  16    1.795
2009     1  17    1.532
2009     1  18    1.376
2009     1  19    1.453
2009     1  20    1.551
2009     1  21    1.639
2009     1  22    1.689
2009     1  23    1.741
2009     1  24    1.813
2009     1  25    1.845
2009     1  26    1.798
2009     1  27    1.749
2009     1  28    1.741
2009     1  29    1.781
2009     1  30    1.815
2009     1  31    1.840
2009     2   1    1.832
2009     2   2    1.853
2009     2   3    1.900
2009     2   4    1.950
2009     2   5    1.953
2009     2   6    1.893
2009     2   7    1.840
2009     2   8    1.865
2009     2   9    1.939
2009     2  10    1.998
2009     2  11    2.006
2009     2  12    1.930
2009     2  13    2.015
2009     2  14    1.996
2009     2  15    1.873
2009     2  16    1.726
2009     2  17    1.581
2009     2  18    1.447
2009     2  19    1.492
2009     2  20    1.605
2009     2  21    1.727
2009     2  22    1.779
2009     2  23    1.829
2009     2  24    1.865
2009     2  25    1.847
2009     2  26    1.826
2009     2  27    1.832
2009     2  28    1.713
2009     3   1    1.788
2009     3   2    1.812
2009     3   3    1.836
2009     3   4    1.854
2009     3   5    1.881
2009     3   6    1.864
2009     3   7    1.752
2009     3   8    1.779
2009     3   9    1.864
2009     3  10    1.806
2009     3  11    1.837
2009     3  12    1.766
2009     3  13    1.670
2009     3  14    1.703
2009     3  15    1.806
2009     3  16    1.999
2009     3  17    2.339
2009     3  18    2.756
2009     3  19    2.602
2009     3  20    2.272
2009     3  21    2.507
2009     3  22    1.971
2009     3  23    1.728
2009     3  24    2.390
2009     3  25    2.940
2009     3  26    5.250
2009     3  27    6.904
2009     3  28    6.033
2009     3  29    5.146
2009     3  30    5.573
2009     3  31    5.688
2009     4   1    7.588
2009     4   2    8.428
2009     4   3    7.816
2009     4   4    6.924
2009     4   5    5.801
2009     4   6    5.638
2009     4   7    4.904
2009     4   8    5.927
2009     4   9    7.200
2009     4  10    6.969
2009     4  11    5.421
2009     4  12    5.400
2009     4  13    6.970
2009     4  14    7.338
2009     4  15    7.455
2009     4  16    8.217
2009     4  17    8.515
2009     4  18    8.944
2009     4  19    7.643
2009     4  20    7.897
2009     4  21    9.235
2009     4  22    8.185
2009     4  23    9.042
2009     4  24   11.887
2009     4  25   14.100
2009     4  26   14.472
2009     4  27   15.351
2009     4  28   13.306
2009     4  29   12.251
2009     4  30   12.433
2009     5   1   12.899
2009     5   2   11.463
2009     5   3   11.848
2009     5   4   11.232
2009     5   5   11.544
2009     5   6   12.547
2009     5   7   13.496
2009     5   8   14.280
2009     5   9   13.456
2009     5  10   12.699
2009     5  11   12.438
2009     5  12   12.684
2009     5  13   12.211
2009     5  14   13.697
2009     5  15   14.092
2009     5  16   13.509
2009     5  17   11.255
2009     5  18   11.611
2009     5  19   13.173
2009     5  20   14.673
2009     5  21   15.351
2009     5  22   14.752
2009     5  23   14.575
2009     5  24   14.832
2009     5  25   13.196
2009     5  26   11.745
2009     5  27   11.093
2009     5  28   11.664
2009     5  29   13.892
2009     5  30   13.297
2009     5  31   12.085
2009     6   1   13.524
2009     6   2   13.680
2009     6   3   13.801
2009     6   4   13.760
2009     6   5   14.115
2009     6   6   14.706
2009     6   7   14.707
2009     6   8   13.618
2009     6   9   13.272
2009     6  10   13.454
2009     6  11   14.576
2009     6  12   15.632
2009     6  13   15.041
2009     6  14   14.368
2009     6  15   14.014
2009     6  16   14.120
2009     6  17   14.013
2009     6  18   15.560
2009     6  19   16.159
2009     6  20   16.151
2009     6  21   15.677
2009     6  22   15.704
2009     6  23   16.080
2009     6  24   16.953
2009     6  25   17.442
2009     6  26   17.373
2009     6  27   16.911
2009     6  28   17.284
2009     6  29   17.391
2009     6  30   16.692
2009     7   1   15.927
2009     7   2   16.677
2009     7   3   16.891
2009     7   4   16.362
2009     7   5   16.844
2009     7   6   16.515
2009     7   7   15.964
2009     7   8   15.322
2009     7   9   15.983
2009     7  10   16.592
2009     7  11   17.049
2009     7  12   16.168
2009     7  13   15.883
2009     7  14   16.122
2009     7  15   17.190
2009     7  16   17.945
2009     7  17   18.415
2009     7  18   17.771
2009     7  19   17.794
2009     7  20   17.196
2009     7  21   17.236
2009     7  22   17.849
2009     7  23   16.595
2009     7  24   17.943
2009     7  25   18.796
2009     7  26   19.534
2009     7  27   19.785
2009     7  28   20.168
2009     7  29   20.215
2009     7  30   19.032
2009     7  31   19.379
2009     8   1   19.069
2009     8   2   19.511
2009     8   3   19.338
2009     8   4   19.915
2009     8   5   18.662
2009     8   6   17.877
2009     8   7   17.048
2009     8   8   16.751
2009     8   9   18.665
2009     8  10   19.996
2009     8  11   19.176
2009     8  12   18.261
2009     8  13   18.815
2009     8  14   19.865
2009     8  15   20.472
2009     8  16   21.007
2009     8  17   21.183
2009     8  18   20.942
2009     8  19   20.753
2009     8  20   21.331
2009     8  21   21.124
2009     8  22   21.079
2009     8  23   20.724
2009     8  24   20.266
2009     8  25   19.971
2009     8  26   18.083
2009     8  27   17.320
2009     8  28   15.453
2009     8  29   16.621
2009     8  30   16.353
2009     8  31   15.768
2009     9   1   16.330
2009     9   2   16.865
2009     9   3   17.637
2009     9   4   17.896
2009     9   5   16.308
2009     9   6   15.653
2009     9   7   16.591
2009     9   8   16.529
2009     9   9   15.117
2009     9  10   14.322
2009     9  11   15.478
2009     9  12   16.815
2009     9  13   16.163
2009     9  14   16.175
2009     9  15   14.920
2009     9  16   13.622
2009     9  17   13.945
2009     9  18   13.220
2009     9  19   13.373
2009     9  20   14.353
2009     9  21   15.569
2009     9  22   16.970
2009     9  23   17.426
2009     9  24   14.593
2009     9  25   13.107
2009     9  26   13.791
2009     9  27   15.358
2009     9  28   14.539
2009     9  29   13.000
2009     9  30   11.052
2009    10   1   11.159
2009    10   2   12.861
2009    10   3   14.698
2009    10   4   13.510
2009    10   5   12.676
2009    10   6   12.708
2009    10   7   12.167
2009    10   8   12.295
2009    10   9   12.826
2009    10  10   10.699
2009    10  11    9.557
2009    10  12    9.400
2009    10  13    8.265
2009    10  14    7.264
2009    10  15    6.970
2009    10  16    7.218
2009    10  17    6.774
2009    10  18    6.184
2009    10  19    8.008
2009    10  20   10.107
2009    10  21   11.582
2009    10  22    9.688
2009    10  23   10.037
2009    10  24   11.877
2009    10  25    9.953
2009    10  26    9.419
2009    10  27    9.192
2009    10  28    9.070
2009    10  29    9.629
2009    10  30   11.150
2009    10  31   10.919
2009    11   1    9.141
2009    11   2    8.905
2009    11   3    7.928
2009    11   4    7.938
2009    11   5    7.106
2009    11   6    6.390
2009    11   7    7.952
2009    11   8    8.824
2009    11   9   10.140
2009    11  10    9.051
2009    11  11    7.922
2009    11  12    7.885
2009    11  13    8.970
2009    11  14   10.563
2009    11  15    9.736
2009    11  16    7.620
2009    11  17    6.540
2009    11  18    7.400
2009    11  19    9.915
2009    11  20    8.455
2009    11  21    7.576
2009    11  22    7.457
2009    11  23    7.959
2009    11  24    8.505
2009    11  25    8.920
2009    11  26    8.165
2009    11  27    7.113
2009    11  28    6.647
2009    11  29    7.181
2009    11  30    5.636
2009    12   1    5.378
2009    12   2    8.866
2009    12   3    7.682
2009    12   4    6.141
2009    12   5    5.442
2009    12   6    4.979
2009    12   7    4.643
2009    12   8    4.425
2009    12   9    4.236
2009    12  10    4.192
2009    12  11    4.048
2009    12  12    3.850
2009    12  13    3.664
2009    12  14    3.654
2009    12  15    3.587
2009    12  16    3.241
2009    12  17    2.601
2009    12  18    2.223
2009    12  19    2.150
2009    12  20    2.118
2009    12  21    1.998
2009    12  22    1.767
2009    12  23    1.730
2009    12  24    1.835
2009    12  25    1.993
2009    12  26    1.981
2009    12  27    2.228
2009    12  28    2.272
2009    12  29    1.904
2009    12  30    1.763
2009    12  31    1.763
2010     1   1    1.763
2010     1   2    1.865
2010     1   3    2.009
2010     1   4    2.144
2010     1   5    2.248
2010     1   6    2.335
2010     1   7    2.401
2010     1   8    2.423
2010     1   9    2.447
2010     1  10    2.429
2010     1  11    2.284
2010     1  12    2.151
2010     1  13    2.173
2010     1  14    2.100
2010     1  15    2.114
2010     1  16    2.206
2010     1  17    2.325
2010     1  18    2.386
2010     1  19    2.435
2010     1  20    2.470
2010     1  21    2.493
2010     1  22    2.508
2010     1  23    2.537
2010     1  24    2.559
2010     1  25    2.567
2010     1  26    2.273
2010     1  27    2.194
2010     1  28    2.359
2010     1  29    2.221
2010     1  30    2.128
2010     1  31    1.868
2010     2   1    1.637
2010     2   2    1.467
2010     2   3    1.350
2010     2   4    1.361
2010     2   5    1.370
2010     2   6    1.282
2010     2   7    1.279
2010     2   8    1.132
2010     2   9    1.055
2010     2  10    1.034
2010     2  11    1.138
2010     2  12    1.215
2010     2  13    1.219
2010     2  14    1.178
2010     2  15    1.202
2010     2  16    1.256
2010     2  17    1.270
2010     2  18    1.324
2010     2  19    1.382
2010     2  20    1.466
2010     2  21    1.556
2010     2  22    1.643
2010     2  23    1.696
2010     2  24    1.782
2010     2  25    1.863
2010     2  26    1.834
2010     2  27    1.739
2010     2  28    1.895
2010     3   1    2.001
2010     3   2    2.002
2010     3   3    2.012
2010     3   4    2.043
2010     3   5    2.058
2010     3   6    2.053
2010     3   7    2.040
2010     3   8    2.010
2010     3   9    2.036
2010     3  10    2.027
2010     3  11    2.105
2010     3  12    2.302
2010     3  13    2.299
2010     3  14    2.259
2010     3  15    2.946
2010     3  16    4.069
2010     3  17    5.350
2010     3  18    6.303
2010     3  19    7.299
2010     3  20    7.961
2010     3  21    7.717
2010     3  22    6.637
2010     3  23    5.921
2010     3  24    5.998
2010     3  25    6.207
2010     3  26    5.717
2010     3  27    3.881
2010     3  28    4.359
2010     3  29    6.732
2010     3  30    6.776
2010     3  31    7.307
2010     4   1    8.315
2010     4   2    9.603
2010     4   3   10.667
2010     4   4   10.787
2010     4   5   10.451
2010     4   6   10.074
2010     4   7   11.279
2010     4   8   12.339
2010     4   9   10.101
2010     4  10    8.631
2010     4  11    9.703
2010     4  12    9.244
2010     4  13    8.910
2010     4  14    9.247
2010     4  15    9.563
2010     4  16    8.108
2010     4  17    7.408
2010     4  18    7.553
2010     4  19    8.082
2010     4  20    9.236
2010     4  21   10.268
2010     4  22   10.883
2010     4  23   10.202
2010     4  24   10.432
2010     4  25   10.797
2010     4  26   10.968
2010     4  27    9.507
2010     4  28    7.288
2010     4  29    8.138
2010     4  30    9.659
2010     5   1   12.520
2010     5   2   14.505
2010     5   3   14.958
2010     5   4   13.734
2010     5   5   13.351
2010     5   6   13.444
2010     5   7   12.599
2010     5   8   11.479
2010     5   9    9.625
2010     5  10    9.300
2010     5  11    9.482
2010     5  12    9.141
2010     5  13    9.819
2010     5  14   11.020
2010     5  15   12.199
2010     5  16   12.062
2010     5  17   12.432
2010     5  18   11.976
2010     5  19   11.183
2010     5  20   13.045
2010     5  21   14.510
2010     5  22   14.256
2010     5  23   14.520
2010     5  24   15.290
2010     5  25   16.336
2010     5  26   17.423
2010     5  27   16.461
2010     5  28   15.515
2010     5  29   15.404
2010     5  30   15.948
2010     5  31   16.206
2010     6   1   16.185
2010     6   2   16.839
2010     6   3   17.199
2010     6   4   17.464
2010     6   5   18.029
2010     6   6   17.447
2010     6   7   15.547
2010     6   8   14.669
2010     6   9   14.007
2010     6  10   13.608
2010     6  11   14.326
2010     6  12   14.789
2010     6  13   14.945
2010     6  14   15.501
2010     6  15   15.663
2010     6  16   15.275
2010     6  17   15.711
2010     6  18   16.525
2010     6  19   17.424
2010     6  20   18.026
2010     6  21   18.393
2010     6  22   17.737
2010     6  23   18.183
2010     6  24   19.043
2010     6  25   18.662
2010     6  26   18.195
2010     6  27   18.346
2010     6  28   19.529
2010     6  29   19.339
2010     6  30   17.265
2010     7   1   16.040
2010     7   2   16.250
2010     7   3   17.315
2010     7   4   18.156
2010     7   5   19.220
2010     7   6   20.911
2010     7   7   21.561
2010     7   8   20.988
2010     7   9   20.740
2010     7  10   20.042
2010     7  11   20.059
2010     7  12   20.449
2010     7  13   20.468
2010     7  14   20.182
2010     7  15   20.109
2010     7  16   20.475
2010     7  17   20.941
2010     7  18   20.451
2010     7  19   20.175
2010     7  20   20.152
2010     7  21   20.064
2010     7  22   19.246
2010     7  23   18.625
2010     7  24   20.414
2010     7  25   20.799
2010     7  26   19.088
2010     7  27   19.344
2010     7  28   20.069
2010     7  29   20.605
2010     7  30   18.755
2010     7  31   17.947
2010     8   1   18.073
2010     8   2   18.447
2010     8   3   19.279
2010     8   4   20.489
2010     8   5   20.889
2010     8   6   19.882
2010     8   7   18.117
2010     8   8   18.660
2010     8   9   20.242
2010     8  10   20.736
2010     8  11   20.577
2010     8  12   19.379
2010     8  13   18.571
2010     8  14   18.211
2010     8  15   18.009
2010     8  16   18.713
2010     8  17   19.980
2010     8  18   19.224
2010     8  19   19.570
2010     8  20   19.224
2010     8  21   17.913
2010     8  22   17.939
2010     8  23   16.825
2010     8  24   16.812
2010     8  25   16.805
2010     8  26   17.749
2010     8  27   16.926
2010     8  28   17.021
2010     8  29   18.477
2010     8  30   19.190
2010     8  31   20.360
2010     9   1   20.946
2010     9   2   21.179
2010     9   3   20.862
2010     9   4   19.704
2010     9   5   17.171
2010     9   6   16.873
2010     9   7   18.309
2010     9   8   18.775
2010     9   9   16.501
2010     9  10   15.598
2010     9  11   15.888
2010     9  12   15.250
2010     9  13   14.840
2010     9  14   15.209
2010     9  15   14.136
2010     9  16   14.058
2010     9  17   15.543
2010     9  18   14.778
2010     9  19   15.531
2010     9  20   14.865
2010     9  21   13.904
2010     9  22   16.073
2010     9  23   16.586
2010     9  24   17.028
2010     9  25   18.218
2010     9  26   16.123
2010     9  27   14.803
2010     9  28   16.837
2010     9  29   18.015
2010     9  30   18.322
2010    10   1   17.784
2010    10   2   14.820
2010    10   3   13.186
2010    10   4   12.938
2010    10   5   13.217
2010    10   6   13.047
2010    10   7   12.791
2010    10   8   13.043
2010    10   9   12.992
2010    10  10   11.726
2010    10  11   12.610
2010    10  12   12.451
2010    10  13   11.461
2010    10  14   11.684
2010    10  15    9.993
2010    10  16    9.554
2010    10  17   10.121
2010    10  18   10.108
2010    10  19    9.572
2010    10  20    9.880
2010    10  21    9.625
2010    10  22    8.382
2010    10  23    8.571
2010    10  24    9.302
2010    10  25   10.628
2010    10  26   13.574
2010    10  27   15.203
2010    10  28   14.065
2010    10  29   11.509
2010    10  30    9.900
2010    10  31    9.706
2010    11   1    8.083
2010    11   2    8.037
2010    11   3    7.180
2010    11   4    7.572
2010    11   5    8.688
2010    11   6    7.827
2010    11   7    7.043
2010    11   8    5.685
2010    11   9    6.864
2010    11  10    7.957
2010    11  11    6.681
2010    11  12    6.855
2010    11  13    7.699
2010    11  14    7.770
2010    11  15    8.099
2010    11  16    8.714
2010    11  17    9.289
2010    11  18    7.798
2010    11  19    6.173
2010    11  20    5.881
2010    11  21    5.256
2010    11  22    6.098
2010    11  23    8.577
2010    11  24    6.603
2010    11  25    4.793
2010    11  26    5.200
2010    11  27    4.266
2010    11  28    3.634
2010    11  29    3.718
2010    11  30    4.544
2010    12   1    7.020
2010    12   2    5.891
2010    12   3    4.293
2010    12   4    3.866
2010    12   5    3.385
2010    12   6    2.841
2010    12   7    2.349
2010    12   8    1.794
2010    12   9    0.925
2010    12  10    0.371
2010    12  11    0.812
2010    12  12    1.280
2010    12  13    3.898
2010    12  14    3.051
2010    12  15    2.273
2010    12  16    1.891
2010    12  17    1.572
2010    12  18    1.540
2010    12  19    1.496
2010    12  20    1.381
2010    12  21    1.362
2010    12  22    1.543
2010    12  23    1.688
2010    12  24    1.679
2010    12  25    1.522
2010    12  26    1.493
2010    12  27    1.571
2010    12  28    1.592
2010    12  29    1.674
2010    12  30    1.762
2010    12  31    1.859
2011     1   1 -999.999
2011     1   2 -999.999
2011     1   3 -999.999
2011     1   4 -999.999
2011     1   5 -999.999
2011     1   6 -999.999
2011     1   7 -999.999
2011     1   8 -999.999
2011     1   9 -999.999
2011     1  10 -999.999
2011     1  11 -999.999
2011     1  12 -999.999
2011     1  13 -999.999
2011     1  14 -999.999
2011     1  15 -999.999
2011     1  16 -999.999
2011     1  17 -999.999
2011     1  18 -999.999
2011     1  19 -999.999
2011     1  20 -999.999
2011     1  21 -999.999
2011     1  22 -999.999
2011     1  23 -999.999
2011     1  24 -999.999
2011     1  25 -999.999
2011     1  26 -999.999
2011     1  27 -999.999
2011     1  28 -999.999
2011     1  29 -999.999
2011     1  30 -999.999
2011     1  31 -999.999
2011     2   1 -999.999
2011     2   2 -999.999
2011     2   3 -999.999
2011     2   4 -999.999
2011     2   5 -999.999
2011     2   6 -999.999
2011     2   7 -999.999
2011     2   8 -999.999
2011     2   9 -999.999
2011     2  10 -999.999
2011     2  11 -999.999
2011     2  12 -999.999
2011     2  13 -999.999
2011     2  14 -999.999
2011     2  15 -999.999
2011     2  16 -999.999
2011     2  17 -999.999
2011     2  18 -999.999
2011     2  19 -999.999
2011     2  20 -999.999
2011     2  21 -999.999
2011     2  22 -999.999
2011     2  23 -999.999
2011     2  24 -999.999
2011     2  25 -999.999
2011     2  26 -999.999
2011     2  27 -999.999
2011     2  28 -999.999
2011     3   1 -999.999
2011     3   2 -999.999
2011     3   3 -999.999
2011     3   4 -999.999
2011     3   5 -999.999
2011     3   6 -999.999
2011     3   7 -999.999
2011     3   8 -999.999
2011     3   9 -999.999
2011     3  10 -999.999
2011     3  11 -999.999
2011     3  12 -999.999
2011     3  13 -999.999
2011     3  14 -999.999
2011     3  15 -999.999
2011     3  16 -999.999
2011     3  17 -999.999
2011     3  18 -999.999
2011     3  19 -999.999
2011     3  20 -999.999
2011     3  21 -999.999
2011     3  22 -999.999
2011     3  23 -999.999
2011     3  24 -999.999
2011     3  25 -999.999
2011     3  26 -999.999
2011     3  27 -999.999
2011     3  28 -999.999
2011     3  29 -999.999
2011     3  30 -999.999
2011     3  31 -999.999
2011     4   1 -999.999
2011     4   2 -999.999
2011     4   3 -999.999
2011     4   4 -999.999
2011     4   5 -999.999
2011     4   6 -999.999
2011     4   7 -999.999
2011     4   8 -999.999
2011     4   9 -999.999
2011     4  10 -999.999
2011     4  11 -999.999
2011     4  12 -999.999
2011     4  13 -999.999
2011     4  14 -999.999
2011     4  15 -999.999
2011     4  16 -999.999
2011     4  17 -999.999
2011     4  18 -999.999
2011     4  19 -999.999
2011     4  20 -999.999
2011     4  21 -999.999
2011     4  22 -999.999
2011     4  23 -999.999
2011     4  24 -999.999
2011     4  25 -999.999
2011     4  26 -999.999
2011     4  27 -999.999
2011     4  28 -999.999
2011     4  29 -999.999
2011     4  30 -999.999
2011     5   1 -999.999
2011     5   2 -999.999
2011     5   3 -999.999
2011     5   4 -999.999
2011     5   5 -999.999
2011     5   6 -999.999
2011     5   7 -999.999
2011     5   8 -999.999
2011     5   9 -999.999
2011     5  10 -999.999
2011     5  11 -999.999
2011     5  12 -999.999
2011     5  13 -999.999
2011     5  14 -999.999
2011     5  15 -999.999
2011     5  16 -999.999
2011     5  17 -999.999
2011     5  18 -999.999
2011     5  19 -999.999
2011     5  20 -999.999
2011     5  21 -999.999
2011     5  22 -999.999
2011     5  23 -999.999
2011     5  24 -999.999
2011     5  25 -999.999
2011     5  26 -999.999
2011     5  27 -999.999
2011     5  28 -999.999
2011     5  29 -999.999
2011     5  30 -999.999
2011     5  31 -999.999
2011     6   1 -999.999
2011     6   2 -999.999
2011     6   3 -999.999
2011     6   4 -999.999
2011     6   5 -999.999
2011     6   6 -999.999
2011     6   7 -999.999
2011     6   8 -999.999
2011     6   9 -999.999
2011     6  10 -999.999
2011     6  11 -999.999
2011     6  12 -999.999
2011     6  13 -999.999
2011     6  14 -999.999
2011     6  15 -999.999
2011     6  16 -999.999
2011     6  17 -999.999
2011     6  18 -999.999
2011     6  19 -999.999
2011     6  20 -999.999
2011     6  21 -999.999
2011     6  22 -999.999
2011     6  23 -999.999
2011     6  24 -999.999
2011     6  25 -999.999
2011     6  26 -999.999
2011     6  27 -999.999
2011     6  28 -999.999
2011     6  29 -999.999
2011     6  30 -999.999
2011     7   1 -999.999
2011     7   2 -999.999
2011     7   3 -999.999
2011     7   4 -999.999
2011     7   5 -999.999
2011     7   6 -999.999
2011     7   7 -999.999
2011     7   8 -999.999
2011     7   9 -999.999
2011     7  10 -999.999
2011     7  11 -999.999
2011     7  12 -999.999
2011     7  13 -999.999
2011     7  14 -999.999
2011     7  15 -999.999
2011     7  16 -999.999
2011     7  17 -999.999
2011     7  18 -999.999
2011     7  19 -999.999
2011     7  20 -999.999
2011     7  21 -999.999
2011     7  22 -999.999
2011     7  23 -999.999
2011     7  24 -999.999
2011     7  25 -999.999
2011     7  26 -999.999
2011     7  27 -999.999
2011     7  28 -999.999
2011     7  29 -999.999
2011     7  30 -999.999
2011     7  31 -999.999
2011     8   1 -999.999
2011     8   2 -999.999
2011     8   3 -999.999
2011     8   4 -999.999
2011     8   5 -999.999
2011     8   6 -999.999
2011     8   7 -999.999
2011     8   8 -999.999
2011     8   9 -999.999
2011     8  10 -999.999
2011     8  11 -999.999
2011     8  12 -999.999
2011     8  13 -999.999
2011     8  14 -999.999
2011     8  15 -999.999
2011     8  16 -999.999
2011     8  17 -999.999
2011     8  18 -999.999
2011     8  19 -999.999
2011     8  20 -999.999
2011     8  21 -999.999
2011     8  22 -999.999
2011     8  23 -999.999
2011     8  24 -999.999
2011     8  25 -999.999
2011     8  26 -999.999
2011     8  27 -999.999
2011     8  28 -999.999
2011     8  29 -999.999
2011     8  30 -999.999
2011     8  31 -999.999
2011     9   1 -999.999
2011     9   2 -999.999
2011     9   3 -999.999
2011     9   4 -999.999
2011     9   5 -999.999
2011     9   6 -999.999
2011     9   7 -999.999
2011     9   8 -999.999
2011     9   9 -999.999
2011     9  10 -999.999
2011     9  11 -999.999
2011     9  12 -999.999
2011     9  13 -999.999
2011     9  14 -999.999
2011     9  15 -999.999
2011     9  16 -999.999
2011     9  17 -999.999
2011     9  18 -999.999
2011     9  19 -999.999
2011     9  20 -999.999
2011     9  21 -999.999
2011     9  22 -999.999
2011     9  23 -999.999
2011     9  24 -999.999
2011     9  25 -999.999
2011     9  26 -999.999
2011     9  27 -999.999
2011     9  28 -999.999
2011     9  29 -999.999
2011     9  30 -999.999
2011    10   1 -999.999
2011    10   2 -999.999
2011    10   3 -999.999
2011    10   4 -999.999
2011    10   5 -999.999
2011    10   6 -999.999
2011    10   7 -999.999
2011    10   8 -999.999
2011    10   9 -999.999
2011    10  10 -999.999
2011    10  11 -999.999
2011    10  12 -999.999
2011    10  13 -999.999
2011    10  14 -999.999
2011    10  15 -999.999
2011    10  16 -999.999
2011    10  17 -999.999
2011    10  18 -999.999
2011    10  19 -999.999
2011    10  20 -999.999
2011    10  21 -999.999
2011    10  22 -999.999
2011    10  23 -999.999
2011    10  24 -999.999
2011    10  25 -999.999
2011    10  26 -999.999
2011    10  27 -999.999
2011    10  28 -999.999
2011    10  29 -999.999
2011    10  30 -999.999
2011    10  31 -999.999
2011    11   1 -999.999
2011    11   2 -999.999
2011    11   3 -999.999
2011    11   4 -999.999
2011    11   5 -999.999
2011    11   6 -999.999
2011    11   7 -999.999
2011    11   8 -999.999
2011    11   9 -999.999
2011    11  10 -999.999
2011    11  11 -999.999
2011    11  12 -999.999
2011    11  13 -999.999
2011    11  14 -999.999
2011    11  15 -999.999
2011    11  16 -999.999
2011    11  17 -999.999
2011    11  18 -999.999
2011    11  19 -999.999
2011    11  20 -999.999
2011    11  21 -999.999
2011    11  22 -999.999
2011    11  23 -999.999
2011    11  24 -999.999
2011    11  25 -999.999
2011    11  26 -999.999
2011    11  27 -999.999
2011    11  28 -999.999
2011    11  29 -999.999
2011    11  30 -999.999
2011    12   1 -999.999
2011    12   2 -999.999
2011    12   3 -999.999
2011    12   4 -999.999
2011    12   5 -999.999
2011    12   6 -999.999
2011    12   7 -999.999
2011    12   8 -999.999
2011    12   9 -999.999
2011    12  10 -999.999
2011    12  11 -999.999
2011    12  12 -999.999
2011    12  13 -999.999
2011    12  14 -999.999
2011    12  15 -999.999
2011    12  16 -999.999
2011    12  17 -999.999
2011    12  18 -999.999
2011    12  19 -999.999
2011    12  20 -999.999
2011    12  21 -999.999
2011    12  22 -999.999
2011    12  23 -999.999
2011    12  24 -999.999
2011    12  25 -999.999
2011    12  26 -999.999
2011    12  27 -999.999
2011    12  28 -999.999
2011    12  29 -999.999
2011    12  30 -999.999
2011    12  31 -999.999
2012     1   1    2.906
2012     1   2    3.890
2012     1   3    2.489
2012     1   4    1.170
2012     1   5    0.984
2012     1   6    1.077
2012     1   7    1.315
2012     1   8    1.570
2012     1   9    1.508
2012     1  10    1.548
2012     1  11    1.606
2012     1  12    1.754
2012     1  13    1.897
2012     1  14    1.972
2012     1  15    1.513
2012     1  16    0.878
2012     1  17    1.115
2012     1  18    1.367
2012     1  19    1.186
2012     1  20    1.157
2012     1  21    1.080
2012     1  22    1.042
2012     1  23    1.162
2012     1  24    1.257
2012     1  25    1.401
2012     1  26    1.511
2012     1  27    1.467
2012     1  28    1.571
2012     1  29    1.599
2012     1  30    1.499
2012     1  31    1.408
2012     2   1    1.573
2012     2   2    1.711
2012     2   3    1.615
2012     2   4    1.549
2012     2   5    1.274
2012     2   6    1.066
2012     2   7    1.244
2012     2   8    1.124
2012     2   9    1.079
2012     2  10    1.060
2012     2  11    1.245
2012     2  12    0.867
2012     2  13    0.577
2012     2  14    0.706
2012     2  15    0.942
2012     2  16    1.063
2012     2  17    1.237
2012     2  18    1.353
2012     2  19    1.478
2012     2  20    1.370
2012     2  21    1.218
2012     2  22    1.549
2012     2  23    2.070
2012     2  24    1.822
2012     2  25    1.798
2012     2  26    1.369
2012     2  27    1.300
2012     2  28    1.258
2012     2  29    1.603
2012     3   1    1.289
2012     3   2    1.297
2012     3   3    1.316
2012     3   4    1.316
2012     3   5    1.293
2012     3   6    1.273
2012     3   7    1.255
2012     3   8    1.225
2012     3   9    1.245
2012     3  10    1.336
2012     3  11    1.466
2012     3  12    1.470
2012     3  13    1.446
2012     3  14    1.442
2012     3  15    1.561
2012     3  16    1.734
2012     3  17    2.003
2012     3  18    2.229
2012     3  19    2.355
2012     3  20    2.377
2012     3  21    2.382
2012     3  22    2.157
2012     3  23    2.027
2012     3  24    2.133
2012     3  25    2.298
2012     3  26    2.555
2012     3  27    2.573
2012     3  28    2.502
2012     3  29    2.681
2012     3  30    2.826
2012     3  31    2.906
2012     4   1    3.459
2012     4   2    3.899
2012     4   3    3.951
2012     4   4    3.725
2012     4   5    3.693
2012     4   6    3.714
2012     4   7    3.921
2012     4   8    4.543
2012     4   9    5.083
2012     4  10    5.189
2012     4  11    5.074
2012     4  12    5.203
2012     4  13    5.393
2012     4  14    6.044
2012     4  15    6.550
2012     4  16    7.127
2012     4  17    7.030
2012     4  18    7.176
2012     4  19    7.749
2012     4  20    8.026
2012     4  21    8.427
2012     4  22    8.572
2012     4  23    8.922
2012     4  24    9.524
2012     4  25    9.527
2012     4  26    8.942
2012     4  27    9.024
2012     4  28    8.170
2012     4  29    8.322
2012     4  30    8.695
2012     5   1    8.511
2012     5   2    8.571
2012     5   3    8.836
2012     5   4   10.098
2012     5   5   11.135
2012     5   6   11.437
2012     5   7   11.698
2012     5   8   10.977
2012     5   9   11.851
2012     5  10   11.679
2012     5  11   10.707
2012     5  12   11.682
2012     5  13   13.492
2012     5  14   13.623
2012     5  15   13.705
2012     5  16   14.161
2012     5  17   13.408
2012     5  18   13.091
2012     5  19   13.773
2012     5  20   14.897
2012     5  21   14.415
2012     5  22   14.578
2012     5  23   15.080
2012     5  24   15.529
2012     5  25   15.293
2012     5  26   15.985
2012     5  27   16.930
2012     5  28   17.185
2012     5  29   16.973
2012     5  30   16.161
2012     5  31   15.348
2012     6   1   14.535
2012     6   2   13.723
2012     6   3   14.027
2012     6   4   12.582
2012     6   5   12.089
2012     6   6   12.585
2012     6   7   13.217
2012     6   8   14.025
2012     6   9   14.641
2012     6  10   15.467
2012     6  11   15.237
2012     6  12   15.277
2012     6  13   15.587
2012     6  14   15.523
2012     6  15   14.999
2012     6  16   15.050
2012     6  17   14.533
2012     6  18   14.634
2012     6  19   14.519
2012     6  20   17.159
2012     6  21   19.062
2012     6  22   19.444
2012     6  23   18.584
2012     6  24   17.202
2012     6  25   16.999
2012     6  26   15.583
2012     6  27   15.772
2012     6  28   16.655
2012     6  29   18.009
2012     6  30   18.653
2012     7   1   19.232
2012     7   2   18.575
2012     7   3   18.775
2012     7   4   18.785
2012     7   5   19.531
2012     7   6   18.844
2012     7   7   19.625
2012     7   8   19.249
2012     7   9   18.505
2012     7  10   18.177
2012     7  11   19.324
2012     7  12   20.046
2012     7  13   19.809
2012     7  14   20.921
2012     7  15   20.509
2012     7  16   20.512
2012     7  17   20.713
2012     7  18   21.636
2012     7  19   19.871
2012     7  20   18.150
2012     7  21   18.785
2012     7  22   19.182
2012     7  23   19.483
2012     7  24   19.476
2012     7  25   18.027
2012     7  26   18.469
2012     7  27   19.567
2012     7  28   19.192
2012     7  29   18.182
2012     7  30   18.163
2012     7  31   18.477
2012     8   1   18.601
2012     8   2   19.720
2012     8   3   20.716
2012     8   4   21.655
2012     8   5   21.054
2012     8   6   20.241
2012     8   7   19.013
2012     8   8   19.707
2012     8   9   20.601
2012     8  10   20.429
2012     8  11   19.869
2012     8  12   20.634
2012     8  13   19.751
2012     8  14   19.222
2012     8  15   19.382
2012     8  16   19.580
2012     8  17   19.636
2012     8  18   18.620
2012     8  19   17.629
2012     8  20   17.645
2012     8  21   17.762
2012     8  22   17.743
2012     8  23   18.187
2012     8  24   18.758
2012     8  25   18.966
2012     8  26   18.464
2012     8  27   18.653
2012     8  28   19.301
2012     8  29   17.155
2012     8  30   16.685
2012     8  31   17.722
2012     9   1   18.723
2012     9   2   17.585
2012     9   3   17.194
2012     9   4   17.505
2012     9   5   19.735
2012     9   6   18.804
2012     9   7   19.282
2012     9   8   19.255
2012     9   9   17.155
2012     9  10   15.555
2012     9  11   14.360
2012     9  12   15.050
2012     9  13   16.148
2012     9  14   16.835
2012     9  15   16.120
2012     9  16   14.302
2012     9  17   13.338
2012     9  18   13.203
2012     9  19   13.069
2012     9  20   12.934
2012     9  21   12.799
2012     9  22   12.665
2012     9  23   12.530
2012     9  24   12.396
2012     9  25   12.261
2012     9  26   12.126
2012     9  27   11.992
2012     9  28   11.857
2012     9  29   11.723
2012     9  30   12.166
2012    10   1   12.491
2012    10   2   12.362
2012    10   3   13.209
2012    10   4   14.297
2012    10   5   14.867
2012    10   6   15.103
2012    10   7   15.045
2012    10   8   12.083
2012    10   9   11.101
2012    10  10   11.039
2012    10  11   11.713
2012    10  12   10.729
2012    10  13    9.571
2012    10  14    8.367
2012    10  15    9.779
2012    10  16   12.703
2012    10  17   11.209
2012    10  18    9.808
2012    10  19   10.734
2012    10  20   12.270
2012    10  21   13.983
2012    10  22   11.910
2012    10  23   11.675
2012    10  24   11.489
2012    10  25   11.332
2012    10  26   11.010
2012    10  27   11.849
2012    10  28   12.159
2012    10  29   11.672
2012    10  30   11.913
2012    10  31   13.168
2012    11   1   12.023
2012    11   2   10.724
2012    11   3   10.104
2012    11   4    9.162
2012    11   5    8.208
2012    11   6    7.612
2012    11   7    5.976
2012    11   8    5.161
2012    11   9    5.286
2012    11  10    5.491
2012    11  11    6.268
2012    11  12    7.695
2012    11  13    8.832
2012    11  14    9.269
2012    11  15    6.564
2012    11  16    5.485
2012    11  17    5.403
2012    11  18    5.151
2012    11  19    4.634
2012    11  20    4.325
2012    11  21    4.561
2012    11  22    5.178
2012    11  23    5.229
2012    11  24    5.719
2012    11  25    5.735
2012    11  26    3.945
2012    11  27    4.073
2012    11  28    3.868
2012    11  29    3.871
2012    11  30    3.572
2012    12   1    3.583
2012    12   2    3.330
2012    12   3    3.952
2012    12   4    5.796
2012    12   5    5.551
2012    12   6    6.935
2012    12   7    3.905
2012    12   8    3.217
2012    12   9    4.839
2012    12  10    4.991
2012    12  11    5.672
2012    12  12    5.941
2012    12  13    3.555
2012    12  14    2.855
2012    12  15    2.552
2012    12  16    2.576
2012    12  17    2.405
2012    12  18    2.473
2012    12  19    3.086
2012    12  20    3.766
2012    12  21    3.302
2012    12  22    3.682
2012    12  23    3.274
2012    12  24    2.275
2012    12  25    2.064
2012    12  26    1.939
2012    12  27    1.710
2012    12  28    1.851
2012    12  29    1.935
2012    12  30    2.011
2012    12  31    2.133
2013     1   1    2.210
2013     1   2    2.309
2013     1   3    2.272
2013     1   4    2.100
2013     1   5    1.961
2013     1   6    2.041
2013     1   7    2.130
2013     1   8    2.245
2013     1   9    2.242
2013     1  10    2.299
2013     1  11    2.349
2013     1  12    2.381
2013     1  13    2.310
2013     1  14    2.161
2013     1  15    2.038
2013     1  16    2.041
2013     1  17    1.984
2013     1  18    2.184
2013     1  19    2.016
2013     1  20    1.751
2013     1  21    1.852
2013     1  22    1.690
2013     1  23    1.534
2013     1  24    1.320
2013     1  25    1.165
2013     1  26    0.832
2013     1  27    0.613
2013     1  28    0.514
2013     1  29    0.517
2013     1  30    0.517
2013     1  31    0.418
2013     2   1    0.434
2013     2   2    0.650
2013     2   3    0.826
2013     2   4    0.701
2013     2   5    0.611
2013     2   6    0.524
2013     2   7    0.417
2013     2   8    0.327
2013     2   9    0.218
2013     2  10    0.374
2013     2  11    0.436
2013     2  12    0.440
2013     2  13    0.521
2013     2  14    0.603
2013     2  15    0.635
2013     2  16    0.668
2013     2  17    0.687
2013     2  18    0.707
2013     2  19    0.711
2013     2  20    0.764
2013     2  21    0.736
2013     2  22    0.814
2013     2  23    0.858
2013     2  24    0.926
2013     2  25    0.942
2013     2  26    0.951
2013     2  27    0.965
2013     2  28    0.946
2013     3   1    0.937
2013     3   2    0.994
2013     3   3    1.051
2013     3   4    1.103
2013     3   5    1.164
2013     3   6    1.203
2013     3   7    1.246
2013     3   8    1.308
2013     3   9    1.336
2013     3  10    1.363
2013     3  11    1.390
2013     3  12    1.428
2013     3  13    1.327
2013     3  14    1.337
2013     3  15    1.418
2013     3  16    1.363
2013     3  17    1.367
2013     3  18    1.308
2013     3  19    1.224
2013     3  20    1.245
2013     3  21    1.245
2013     3  22    1.287
2013     3  23    1.339
2013     3  24    1.375
2013     3  25    1.438
2013     3  26    1.489
2013     3  27    1.502
2013     3  28    1.485
2013     3  29    1.485
2013     3  30    1.455
2013     3  31    1.423
2013     4   1    1.420
2013     4   2    1.573
2013     4   3    1.316
2013     4   4    1.345
2013     4   5    1.682
2013     4   6    2.992
2013     4   7    2.788
2013     4   8    3.953
2013     4   9    7.247
2013     4  10    7.361
2013     4  11    7.411
2013     4  12    4.658
2013     4  13    4.122
2013     4  14    5.109
2013     4  15    5.140
2013     4  16    6.500
2013     4  17    7.755
2013     4  18    7.321
2013     4  19    9.045
2013     4  20    9.137
2013     4  21    6.898
2013     4  22    6.616
2013     4  23    5.857
2013     4  24    7.509
2013     4  25    8.615
2013     4  26    7.955
2013     4  27    8.353
2013     4  28    9.211
2013     4  29    9.698
2013     4  30   10.295
2013     5   1   10.258
2013     5   2   10.833
2013     5   3   10.462
2013     5   4   10.541
2013     5   5   10.038
2013     5   6   10.294
2013     5   7   11.491
2013     5   8   12.007
2013     5   9   12.793
2013     5  10   12.926
2013     5  11   12.835
2013     5  12   12.458
2013     5  13   10.188
2013     5  14    9.583
2013     5  15    9.622
2013     5  16   11.053
2013     5  17   11.303
2013     5  18   11.328
2013     5  19   11.474
2013     5  20   12.567
2013     5  21   13.962
2013     5  22   13.115
2013     5  23   14.596
2013     5  24   14.480
2013     5  25   10.421
2013     5  26    9.170
2013     5  27   10.191
2013     5  28   11.561
2013     5  29   12.833
2013     5  30   15.249
2013     5  31   16.422
2013     6   1   17.023
2013     6   2   17.274
2013     6   3   16.762
2013     6   4   14.523
2013     6   5   14.246
2013     6   6   14.241
2013     6   7   12.903
2013     6   8   12.624
2013     6   9   14.098
2013     6  10   14.381
2013     6  11   13.615
2013     6  12   13.418
2013     6  13   12.623
2013     6  14   12.551
2013     6  15   13.884
2013     6  16   14.183
2013     6  17   15.083
2013     6  18   14.910
2013     6  19   14.466
2013     6  20   14.616
2013     6  21   15.506
2013     6  22   16.602
2013     6  23   16.629
2013     6  24   16.769
2013     6  25   16.986
2013     6  26   16.974
2013     6  27   17.323
2013     6  28   17.318
2013     6  29   17.273
2013     6  30   17.223
2013     7   1   17.560
2013     7   2   17.456
2013     7   3   17.659
2013     7   4   17.670
2013     7   5   17.917
2013     7   6   18.035
2013     7   7   18.241
2013     7   8   18.472
2013     7   9   18.565
2013     7  10   18.639
2013     7  11   18.677
2013     7  12   18.698
2013     7  13   18.693
2013     7  14   18.839
2013     7  15   19.114
2013     7  16   19.151
2013     7  17   19.378
2013     7  18   19.333
2013     7  19   19.218
2013     7  20   18.979
2013     7  21   18.911
2013     7  22   18.757
2013     7  23   18.333
2013     7  24   19.061
2013     7  25   18.611
2013     7  26   18.650
2013     7  27   19.474
2013     7  28   20.002
2013     7  29   20.742
2013     7  30   19.487
2013     7  31   19.051
2013     8   1   18.803
2013     8   2   18.887
2013     8   3   18.690
2013     8   4   18.007
2013     8   5   17.107
2013     8   6   17.661
2013     8   7   18.311
2013     8   8   19.229
2013     8   9   20.513
2013     8  10   20.177
2013     8  11   18.673
2013     8  12   18.855
2013     8  13   18.990
2013     8  14   18.003
2013     8  15   17.253
2013     8  16   17.534
2013     8  17   18.021
2013     8  18   18.372
2013     8  19   18.408
2013     8  20   18.967
2013     8  21   19.463
2013     8  22   19.926
2013     8  23   19.425
2013     8  24   18.136
2013     8  25   18.186
2013     8  26   18.749
2013     8  27   20.352
2013     8  28   20.522
2013     8  29   18.894
2013     8  30   19.107
2013     8  31   20.819
2013     9   1   20.902
2013     9   2   21.821
2013     9   3   20.509
2013     9   4   18.920
2013     9   5   17.928
2013     9   6   16.027
2013     9   7   16.467
2013     9   8   16.883
2013     9   9   15.274
2013     9  10   16.915
2013     9  11   20.582
2013     9  12   20.937
2013     9  13   19.550
2013     9  14   16.601
2013     9  15   15.608
2013     9  16   16.005
2013     9  17   14.013
2013     9  18   14.576
2013     9  19   15.573
2013     9  20   16.403
2013     9  21   16.789
2013     9  22   16.794
2013     9  23   14.201
2013     9  24   13.436
2013     9  25   14.052
2013     9  26   14.507
2013     9  27   14.587
2013     9  28   15.012
2013     9  29   14.923
2013     9  30   14.588
2013    10   1   15.290
2013    10   2   16.121
2013    10   3   16.002
2013    10   4   15.540
2013    10   5   16.018
2013    10   6   14.902
2013    10   7   15.727
2013    10   8   14.630
2013    10   9   13.340
2013    10  10   12.844
2013    10  11   13.594
2013    10  12   13.528
2013    10  13   13.096
2013    10  14   12.856
2013    10  15   14.073
2013    10  16   13.698
2013    10  17   14.318
2013    10  18   14.431
2013    10  19   13.076
2013    10  20   12.608
2013    10  21   12.072
2013    10  22   12.307
2013    10  23   11.030
2013    10  24   10.160
2013    10  25    9.506
2013    10  26    9.128
2013    10  27    9.634
2013    10  28    8.905
2013    10  29    7.964
2013    10  30    8.225
2013    10  31    9.585
2013    11   1   12.384
2013    11   2   11.325
2013    11   3    9.424
2013    11   4    7.048
2013    11   5    6.882
2013    11   6    8.607
2013    11   7   10.083
2013    11   8    7.739
2013    11   9    6.463
2013    11  10    7.445
2013    11  11    7.297
2013    11  12    6.726
2013    11  13    4.696
2013    11  14    4.485
2013    11  15    5.403
2013    11  16    6.677
2013    11  17    7.508
2013    11  18    9.898
2013    11  19    7.132
2013    11  20    4.973
2013    11  21    4.339
2013    11  22    5.962
2013    11  23    6.063
2013    11  24    4.282
2013    11  25    3.136
2013    11  26    3.027
2013    11  27    5.390
2013    11  28    4.172
2013    11  29    2.911
2013    11  30    2.193
2013    12   1    2.169
2013    12   2    2.610
2013    12   3    3.210
2013    12   4    3.224
2013    12   5    4.278
2013    12   6    6.700
2013    12   7    4.854
2013    12   8    3.934
2013    12   9    3.709
2013    12  10    3.880
2013    12  11    3.391
2013    12  12    2.895
2013    12  13    2.489
2013    12  14    2.216
2013    12  15    2.119
2013    12  16    2.217
2013    12  17    2.226
2013    12  18    2.243
2013    12  19    2.339
2013    12  20    2.482
2013    12  21    2.606
2013    12  22    2.472
2013    12  23    2.619
2013    12  24    2.637
2013    12  25    2.007
2013    12  26    1.489
2013    12  27    1.456
2013    12  28    1.452
2013    12  29    1.484
2013    12  30    1.581
2013    12  31    1.277
2014     1   1    1.277
2014     1   2    0.612
2014     1   3    0.574
2014     1   4    0.728
2014     1   5    0.699
2014     1   6    0.824
2014     1   7    1.068
2014     1   8    0.718
2014     1   9   -0.687
2014     1  10   -0.814
2014     1  11   -0.253
2014     1  12    0.837
2014     1  13    1.014
2014     1  14    1.036
2014     1  15    1.032
2014     1  16    1.040
2014     1  17    1.036
2014     1  18    1.037
2014     1  19    1.048
2014     1  20    1.056
2014     1  21    1.079
2014     1  22    1.079
2014     1  23    0.934
2014     1  24    0.688
2014     1  25    0.537
2014     1  26    0.650
2014     1  27    0.757
2014     1  28    0.836
2014     1  29    0.630
2014     1  30    0.598
2014     1  31    0.497
2014     2   1    0.718
2014     2   2    0.877
2014     2   3    1.005
2014     2   4    1.084
2014     2   5    1.090
2014     2   6    1.056
2014     2   7    1.038
2014     2   8    0.992
2014     2   9    0.967
2014     2  10    0.984
2014     2  11    0.999
2014     2  12    0.948
2014     2  13    0.913
2014     2  14    0.952
2014     2  15    1.030
2014     2  16    1.083
2014     2  17    1.102
2014     2  18    1.105
2014     2  19    1.091
2014     2  20    1.091
2014     2  21    1.105
2014     2  22    1.130
2014     2  23    1.158
2014     2  24    1.166
2014     2  25    1.169
2014     2  26    1.177
2014     2  27    1.189
2014     2  28    1.190
2014     3   1    1.158
2014     3   2    1.118
2014     3   3    1.123
2014     3   4    1.167
2014     3   5    1.133
2014     3   6    1.111
2014     3   7    1.119
2014     3   8    1.093
2014     3   9    1.132
2014     3  10    1.200
2014     3  11    1.228
2014     3  12    1.222
2014     3  13    1.207
2014     3  14    1.212
2014     3  15    1.219
2014     3  16    1.212
2014     3  17    1.229
2014     3  18    1.258
2014     3  19    1.433
2014     3  20    1.191
2014     3  21    1.164
2014     3  22    1.118
2014     3  23    1.086
2014     3  24    1.070
2014     3  25    1.506
2014     3  26    1.525
2014     3  27    1.145
2014     3  28    1.082
2014     3  29    1.091
2014     3  30    1.087
2014     3  31    0.974
2014     4   1    1.222
2014     4   2    1.530
2014     4   3    1.556
2014     4   4    1.568
2014     4   5    1.248
2014     4   6    1.259
2014     4   7    1.319
2014     4   8    1.477
2014     4   9    2.077
2014     4  10    2.476
2014     4  11    2.851
2014     4  12    5.540
2014     4  13    6.202
2014     4  14    6.789
2014     4  15    8.972
2014     4  16   10.438
2014     4  17    6.738
2014     4  18    5.299
2014     4  19    5.331
2014     4  20    6.211
2014     4  21    6.575
2014     4  22    7.212
2014     4  23    8.692
2014     4  24    8.394
2014     4  25    7.384
2014     4  26    7.634
2014     4  27    7.564
2014     4  28    7.584
2014     4  29    7.786
2014     4  30    7.633
2014     5   1    6.646
2014     5   2    7.800
2014     5   3    9.286
2014     5   4    9.595
2014     5   5    9.287
2014     5   6    9.308
2014     5   7    9.212
2014     5   8    9.633
2014     5   9   10.313
2014     5  10   10.493
2014     5  11   12.264
2014     5  12   12.900
2014     5  13   13.431
2014     5  14   12.572
2014     5  15   12.212
2014     5  16   13.763
2014     5  17   14.198
2014     5  18   15.269
2014     5  19   13.546
2014     5  20   12.722
2014     5  21   13.080
2014     5  22   13.503
2014     5  23   13.178
2014     5  24   12.907
2014     5  25   12.598
2014     5  26   13.184
2014     5  27   13.920
2014     5  28   14.393
2014     5  29   11.983
2014     5  30   11.820
2014     5  31   12.555
2014     6   1   12.537
2014     6   2   12.948
2014     6   3   13.853
2014     6   4   14.873
2014     6   5   15.000
2014     6   6   14.673
2014     6   7   14.368
2014     6   8   14.892
2014     6   9   15.703
2014     6  10   15.569
2014     6  11   15.799
2014     6  12   15.158
2014     6  13   14.476
2014     6  14   14.788
2014     6  15   15.032
2014     6  16   14.867
2014     6  17   15.268
2014     6  18   16.215
2014     6  19   17.390
2014     6  20   17.102
2014     6  21   15.965
2014     6  22   15.181
2014     6  23   15.308
2014     6  24   15.814
2014     6  25   16.251
2014     6  26   16.960
2014     6  27   18.181
2014     6  28   17.417
2014     6  29   17.315
2014     6  30   17.703
2014     7   1   17.993
2014     7   2   18.650
2014     7   3   19.529
2014     7   4   20.256
2014     7   5   19.124
2014     7   6   17.722
2014     7   7   17.994
2014     7   8   18.615
2014     7   9   19.562
2014     7  10   19.836
2014     7  11   18.917
2014     7  12   18.462
2014     7  13   18.532
2014     7  14   19.087
2014     7  15   19.809
2014     7  16   20.176
2014     7  17   19.886
2014     7  18   18.815
2014     7  19   18.378
2014     7  20   18.264
2014     7  21   18.122
2014     7  22   18.092
2014     7  23   18.970
2014     7  24   19.905
2014     7  25   19.601
2014     7  26   18.415
2014     7  27   18.531
2014     7  28   18.936
2014     7  29   18.865
2014     7  30   18.104
2014     7  31   17.707
2014     8   1   17.699
2014     8   2   18.587
2014     8   3   18.628
2014     8   4   17.898
2014     8   5   18.581
2014     8   6   19.183
2014     8   7   18.826
2014     8   8   17.883
2014     8   9   17.530
2014     8  10   17.966
2014     8  11   18.336
2014     8  12   18.622
2014     8  13   18.580
2014     8  14   18.216
2014     8  15   17.249
2014     8  16   16.327
2014     8  17   16.416
2014     8  18   16.957
2014     8  19   16.690
2014     8  20   16.514
2014     8  21   17.262
2014     8  22   17.089
2014     8  23   16.825
2014     8  24   16.838
2014     8  25   17.073
2014     8  26   18.057
2014     8  27   18.581
2014     8  28   19.065
2014     8  29   18.538
2014     8  30   17.175
2014     8  31   17.140
2014     9   1   18.427
2014     9   2   19.645
2014     9   3   20.233
2014     9   4   19.503
2014     9   5   18.721
2014     9   6   19.358
2014     9   7   20.393
2014     9   8   18.414
2014     9   9   17.410
2014     9  10   16.512
2014     9  11   16.440
2014     9  12   17.074
2014     9  13   16.129
2014     9  14   14.631
2014     9  15   14.104
2014     9  16   13.471
2014     9  17   13.774
2014     9  18   13.934
2014     9  19   14.015
2014     9  20   12.700
2014     9  21   12.809
2014     9  22   15.675
2014     9  23   15.418
2014     9  24   13.398
2014     9  25   14.061
2014     9  26   13.732
2014     9  27   14.511
2014     9  28   15.778
2014     9  29   16.874
2014     9  30   16.692
2014    10   1   15.188
2014    10   2   14.618
2014    10   3   14.099
2014    10   4   13.637
2014    10   5   13.680
2014    10   6   12.822
2014    10   7   12.088
2014    10   8   13.636
2014    10   9   14.476
2014    10  10   12.881
2014    10  11   12.141
2014    10  12   11.452
2014    10  13   11.207
2014    10  14   11.270
2014    10  15   13.634
2014    10  16   15.480
2014    10  17   17.195
2014    10  18   16.121
2014    10  19   15.049
2014    10  20   12.980
2014    10  21   11.234
2014    10  22   12.177
2014    10  23   12.152
2014    10  24   10.195
2014    10  25   10.592
2014    10  26   10.838
2014    10  27   11.070
2014    10  28   10.960
2014    10  29   11.362
2014    10  30   12.260
2014    10  31   10.947
2014    11   1   10.400
2014    11   2    9.651
2014    11   3    8.371
2014    11   4    7.642
2014    11   5    8.865
2014    11   6    9.991
2014    11   7    9.498
2014    11   8    8.951
2014    11   9    7.738
2014    11  10    8.235
2014    11  11    8.242
2014    11  12    8.957
2014    11  13   10.250
2014    11  14    8.498
2014    11  15    7.641
2014    11  16    6.305
2014    11  17    5.722
2014    11  18    5.529
2014    11  19    5.429
2014    11  20    4.216
2014    11  21    3.953
2014    11  22    3.747
2014    11  23    3.312
2014    11  24    4.162
2014    11  25    7.294
2014    11  26    8.410
2014    11  27    6.638
2014    11  28    5.537
2014    11  29    5.111
2014    11  30    4.883
2014    12   1    4.747
2014    12   2    4.342
2014    12   3    4.317
2014    12   4    4.009
2014    12   5    4.041
2014    12   6    3.587
2014    12   7    3.398
2014    12   8    3.469
2014    12   9    2.866
2014    12  10    2.487
2014    12  11    2.482
2014    12  12    2.847
2014    12  13    3.141
2014    12  14    3.300
2014    12  15    3.311
2014    12  16    3.441
2014    12  17    3.343
2014    12  18    3.111
2014    12  19    3.379
2014    12  20    3.307
2014    12  21    2.830
2014    12  22    2.738
2014    12  23    2.897
2014    12  24    3.150
2014    12  25    3.775
2014    12  26    6.074
2014    12  27    4.803
2014    12  28    4.149
2014    12  29    5.043
2014    12  30    3.925
2014    12  31    2.955
2015     1   1    2.237
2015     1   2    1.687
2015     1   3    1.618
2015     1   4    1.652
2015     1   5    1.622
2015     1   6    1.725
2015     1   7    1.575
2015     1   8    1.374
2015     1   9    0.899
2015     1  10    0.912
2015     1  11    0.993
2015     1  12    0.958
2015     1  13    1.170
2015     1  14    1.213
2015     1  15    1.010
2015     1  16    1.110
2015     1  17    1.094
2015     1  18    0.911
2015     1  19    1.084
2015     1  20    1.295
2015     1  21    1.334
2015     1  22    1.137
2015     1  23    1.103
2015     1  24    0.921
2015     1  25    1.058
2015     1  26    1.216
2015     1  27    1.172
2015     1  28    1.180
2015     1  29    1.210
2015     1  30    1.220
2015     1  31    1.262
2015     2   1    1.269
2015     2   2    1.226
2015     2   3    1.248
2015     2   4    1.278
2015     2   5    1.293
2015     2   6    1.313
2015     2   7    1.347
2015     2   8    1.357
2015     2   9    1.365
2015     2  10    1.384
2015     2  11    1.396
2015     2  12    1.410
2015     2  13    1.426
2015     2  14    1.441
2015     2  15    1.457
2015     2  16    1.466
2015     2  17    1.479
2015     2  18    1.488
2015     2  19    1.494
2015     2  20    1.502
2015     2  21    1.518
2015     2  22    1.526
2015     2  23    1.530
2015     2  24    1.540
2015     2  25    1.558
2015     2  26    1.570
2015     2  27    1.581
2015     2  28    1.594
2015     3   1    1.606
2015     3   2    1.616
2015     3   3    1.627
2015     3   4    1.638
2015     3   5    1.653
2015     3   6    1.669
2015     3   7    1.696
2015     3   8    1.719
2015     3   9    1.738
2015     3  10    1.756
2015     3  11    1.765
2015     3  12    1.745
2015     3  13    1.751
2015     3  14    1.795
2015     3  15    1.835
2015     3  16    1.844
2015     3  17    1.876
2015     3  18    1.909
2015     3  19    1.936
2015     3  20    1.973
2015     3  21    2.004
2015     3  22    2.043
2015     3  23    2.071
2015     3  24    2.095
2015     3  25    2.068
2015     3  26    2.062
2015     3  27    2.066
2015     3  28    2.007
2015     3  29    2.046
2015     3  30    2.090
2015     3  31    2.118
2015     4   1    2.124
2015     4   2    2.125
2015     4   3    2.122
2015     4   4    2.041
2015     4   5    1.977
2015     4   6    2.045
2015     4   7    2.063
2015     4   8    2.107
2015     4   9    2.162
2015     4  10    2.112
2015     4  11    2.009
2015     4  12    2.053
2015     4  13    3.411
2015     4  14    6.355
2015     4  15    7.098
2015     4  16    7.225
2015     4  17    7.653
2015     4  18    8.300
2015     4  19    8.317
2015     4  20    7.358
2015     4  21    8.346
2015     4  22    8.156
2015     4  23    7.419
2015     4  24    6.489
2015     4  25    6.645
2015     4  26    7.453
2015     4  27    7.845
2015     4  28    8.262
2015     4  29    8.883
2015     4  30    8.992
2015     5   1    8.992
2015     5   2    9.387
2015     5   3   10.534
2015     5   4   11.662
2015     5   5   12.520
2015     5   6   12.482
2015     5   7   12.728
2015     5   8   13.330
2015     5   9   12.714
2015     5  10   14.392
2015     5  11   15.140
2015     5  12   14.767
2015     5  13   13.306
2015     5  14   12.453
2015     5  15   12.681
2015     5  16   13.217
2015     5  17   14.445
2015     5  18   14.163
2015     5  19   13.917
2015     5  20   13.045
2015     5  21   12.070
2015     5  22   12.503
2015     5  23   11.638
2015     5  24   12.469
2015     5  25   13.533
2015     5  26   14.639
2015     5  27   15.618
2015     5  28   16.505
2015     5  29   16.113
2015     5  30   16.442
2015     5  31   15.927
2015     6   1   12.588
2015     6   2   10.725
2015     6   3   11.781
2015     6   4   12.559
2015     6   5   13.383
2015     6   6   14.300
2015     6   7   13.772
2015     6   8   14.010
2015     6   9   15.094
2015     6  10   15.489
2015     6  11   16.434
2015     6  12   16.676
2015     6  13   17.319
2015     6  14   17.081
2015     6  15   15.489
2015     6  16   15.182
2015     6  17   15.944
2015     6  18   15.675
2015     6  19   16.381
2015     6  20   15.593
2015     6  21   17.203
2015     6  22   18.013
2015     6  23   18.257
2015     6  24   18.010
2015     6  25   17.517
2015     6  26   17.187
2015     6  27   16.581
2015     6  28   14.577
2015     6  29   14.815
2015     6  30   16.228
2015     7   1   17.241
2015     7   2   16.953
2015     7   3   16.720
2015     7   4   16.459
2015     7   5   16.861
2015     7   6   17.860
2015     7   7   18.457
2015     7   8   19.294
2015     7   9   18.182
2015     7  10   18.352
2015     7  11   18.481
2015     7  12   19.087
2015     7  13   19.739
2015     7  14   19.358
2015     7  15   19.512
2015     7  16   17.917
2015     7  17   17.800
2015     7  18   18.046
2015     7  19   19.724
2015     7  20   20.390
2015     7  21   19.880
2015     7  22   19.072
2015     7  23   18.381
2015     7  24   17.878
2015     7  25   17.745
2015     7  26   18.072
2015     7  27   18.959
2015     7  28   19.675
2015     7  29   20.374
2015     7  30   20.640
2015     7  31   20.145
2015     8   1   19.346
2015     8   2   19.006
2015     8   3   19.815
2015     8   4   19.930
2015     8   5   18.867
2015     8   6   18.192
2015     8   7   18.190
2015     8   8   18.124
2015     8   9   18.216
2015     8  10   18.453
2015     8  11   18.523
2015     8  12   18.979
2015     8  13   18.497
2015     8  14   18.791
2015     8  15   19.781
2015     8  16   19.993
2015     8  17   20.806
2015     8  18   21.452
2015     8  19   21.335
2015     8  20   21.041
2015     8  21   20.550
2015     8  22   19.890
2015     8  23   19.514
2015     8  24   20.151
2015     8  25   20.197
2015     8  26   19.527
2015     8  27   18.475
2015     8  28   18.087
2015     8  29   18.143
2015     8  30   18.920
2015     8  31   19.651
2015     9   1   19.609
2015     9   2   19.777
2015     9   3   20.345
2015     9   4   19.711
2015     9   5   18.239
2015     9   6   18.678
2015     9   7   19.325
2015     9   8   20.475
2015     9   9   20.862
2015     9  10   19.923
2015     9  11   17.826
2015     9  12   18.173
2015     9  13   17.675
2015     9  14   16.253
2015     9  15   16.688
2015     9  16   17.901
2015     9  17   18.432
2015     9  18   18.499
2015     9  19   18.429
2015     9  20   17.866
2015     9  21   15.779
2015     9  22   15.363
2015     9  23   15.601
2015     9  24   16.324
2015     9  25   15.586
2015     9  26   14.673
2015     9  27   13.996
2015     9  28   15.469
2015     9  29   17.269
2015     9  30   18.765
2015    10   1   15.439
2015    10   2   13.729
2015    10   3   12.601
2015    10   4   12.390
2015    10   5   12.274
2015    10   6   13.012
2015    10   7   13.572
2015    10   8   13.486
2015    10   9   13.785
2015    10  10   12.690
2015    10  11   12.265
2015    10  12   13.543
2015    10  13   14.252
2015    10  14   13.951
2015    10  15   12.266
2015    10  16   12.137
2015    10  17   11.120
2015    10  18    9.315
2015    10  19    8.035
2015    10  20   10.040
2015    10  21   11.911
2015    10  22   12.751
2015    10  23   10.912
2015    10  24    9.240
2015    10  25   10.675
2015    10  26    9.863
2015    10  27    9.371
2015    10  28    9.750
2015    10  29   14.045
2015    10  30   11.502
2015    10  31    9.852
2015    11   1   10.559
2015    11   2   10.978
2015    11   3   11.337
2015    11   4   11.920
2015    11   5   12.534
2015    11   6   14.073
2015    11   7   12.857
2015    11   8   10.737
2015    11   9    9.818
2015    11  10   10.124
2015    11  11   10.167
2015    11  12   10.276
2015    11  13   10.521
2015    11  14    8.793
2015    11  15    7.880
2015    11  16    8.672
2015    11  17    7.241
2015    11  18    6.924
2015    11  19    8.648
2015    11  20   10.274
2015    11  21    7.827
2015    11  22    7.901
2015    11  23    6.822
2015    11  24    5.326
2015    11  25    5.259
2015    11  26    6.660
2015    11  27    8.818
2015    11  28    9.019
2015    11  29    6.545
2015    11  30    5.307
2015    12   1    5.284
2015    12   2    6.467
2015    12   3    7.367
2015    12   4    6.165
2015    12   5    5.864
2015    12   6    5.747
2015    12   7    5.813
2015    12   8    5.809
2015    12   9    6.227
2015    12  10    7.504
2015    12  11    7.567
2015    12  12    7.677
2015    12  13    8.719
2015    12  14    8.838
2015    12  15   10.107
2015    12  16    7.897
2015    12  17    7.568
2015    12  18    8.152
2015    12  19    6.078
2015    12  20    4.914
2015    12  21    4.904
2015    12  22    7.023
2015    12  23    8.153
2015    12  24    9.700
2015    12  25    9.374
2015    12  26    8.484
2015    12  27    8.193
2015    12  28    6.525
2015    12  29    4.973
2015    12  30    4.699
2015    12  31    4.724
