Year Month Day   Heated
2006     7   1   21.695
2006     7   2   20.954
2006     7   3   20.213
2006     7   4   19.472
2006     7   5   18.731
2006     7   6   17.990
2006     7   7   17.726
2006     7   8   18.312
2006     7   9   18.946
2006     7  10   18.862
2006     7  11   18.710
2006     7  12   18.862
2006     7  13   19.396
2006     7  14   19.948
2006     7  15   20.056
2006     7  16   20.621
2006     7  17   21.592
2006     7  18   21.991
2006     7  19   20.695
2006     7  20   19.379
2006     7  21   20.390
2006     7  22   19.778
2006     7  23   18.807
2006     7  24   18.577
2006     7  25   19.580
2006     7  26   20.354
2006     7  27   20.921
2006     7  28   21.063
2006     7  29   20.704
2006     7  30   20.751
2006     7  31   20.042
2006     8   1   20.343
2006     8   2   22.551
2006     8   3   22.307
2006     8   4   20.199
2006     8   5   20.004
2006     8   6   19.014
2006     8   7   20.035
2006     8   8   19.605
2006     8   9   18.391
2006     8  10   20.134
2006     8  11   21.650
2006     8  12   20.745
2006     8  13   20.662
2006     8  14   22.217
2006     8  15   23.413
2006     8  16   23.170
2006     8  17   23.722
2006     8  18   23.894
2006     8  19   23.865
2006     8  20   23.706
2006     8  21   22.938
2006     8  22   22.489
2006     8  23   23.258
2006     8  24   22.064
2006     8  25   20.324
2006     8  26   20.865
2006     8  27   19.586
2006     8  28   19.960
2006     8  29   20.603
2006     8  30   21.319
2006     8  31   19.835
2006     9   1   17.625
2006     9   2   20.003
2006     9   3   20.150
2006     9   4   20.773
2006     9   5   20.488
2006     9   6   20.840
2006     9   7   21.118
2006     9   8   21.397
2006     9   9   22.093
2006     9  10   20.554
2006     9  11   19.170
2006     9  12   18.964
2006     9  13   19.175
2006     9  14   19.988
2006     9  15   21.041
2006     9  16   21.746
2006     9  17   22.195
2006     9  18   22.684
2006     9  19   22.988
2006     9  20   21.482
2006     9  21   19.388
2006     9  22   19.090
2006     9  23   20.068
2006     9  24   21.561
2006     9  25   20.097
2006     9  26   19.155
2006     9  27   18.984
2006     9  28   19.903
2006     9  29   19.266
2006     9  30   17.682
2006    10   1   14.895
2006    10   2   18.137
2006    10   3   18.951
2006    10   4   20.380
2006    10   5   18.776
2006    10   6   16.923
2006    10   7   16.735
2006    10   8   17.483
2006    10   9   18.771
2006    10  10   19.488
2006    10  11   18.477
2006    10  12   18.627
2006    10  13   16.457
2006    10  14   15.057
2006    10  15   14.433
2006    10  16   14.467
2006    10  17   14.407
2006    10  18   16.183
2006    10  19   16.955
2006    10  20   17.210
2006    10  21   14.366
2006    10  22   13.920
2006    10  23   14.620
2006    10  24   13.608
2006    10  25   12.790
2006    10  26   12.810
2006    10  27   12.219
2006    10  28   13.349
2006    10  29   12.832
2006    10  30   12.624
2006    10  31   13.656
2006    11   1   13.491
2006    11   2   13.327
2006    11   3   11.385
2006    11   4   10.710
2006    11   5   10.443
2006    11   6   11.152
2006    11   7   12.180
2006    11   8   14.052
2006    11   9   15.523
2006    11  10   14.377
2006    11  11   13.760
2006    11  12   15.171
2006    11  13   14.761
2006    11  14   13.665
2006    11  15   13.573
2006    11  16   12.985
2006    11  17   12.070
2006    11  18   11.896
2006    11  19   11.520
2006    11  20   10.898
2006    11  21   10.404
2006    11  22   10.883
2006    11  23   10.893
2006    11  24   10.219
2006    11  25   10.351
2006    11  26   10.514
2006    11  27   10.886
2006    11  28   10.290
2006    11  29    9.947
2006    11  30    9.363
2006    12   1    9.656
2006    12   2    9.900
2006    12   3    9.724
2006    12   4    9.509
2006    12   5    9.382
2006    12   6    9.503
2006    12   7    8.774
2006    12   8    8.482
2006    12   9    8.411
2006    12  10    8.656
2006    12  11    8.798
2006    12  12    8.998
2006    12  13    9.019
2006    12  14    9.060
2006    12  15   10.942
2006    12  16   10.318
2006    12  17    9.951
2006    12  18   10.981
2006    12  19    9.142
2006    12  20    8.139
2006    12  21    8.261
2006    12  22    8.103
2006    12  23    9.516
2006    12  24    9.383
2006    12  25    8.688
2006    12  26    9.044
2006    12  27    8.618
2006    12  28    7.836
2006    12  29    7.281
2006    12  30    6.881
2006    12  31    6.700
2007     1   1    6.755
2007     1   2    6.978
2007     1   3    6.952
2007     1   4    7.413
2007     1   5   10.007
2007     1   6   13.122
2007     1   7   10.441
2007     1   8    9.332
2007     1   9    7.653
2007     1  10    6.582
2007     1  11    5.612
2007     1  12    5.916
2007     1  13    6.646
2007     1  14    6.751
2007     1  15    6.683
2007     1  16    6.209
2007     1  17    4.638
2007     1  18    4.304
2007     1  19    4.670
2007     1  20    4.292
2007     1  21    3.422
2007     1  22    3.760
2007     1  23    3.901
2007     1  24    3.855
2007     1  25    3.380
2007     1  26    2.031
2007     1  27    2.290
2007     1  28    3.526
2007     1  29    3.025
2007     1  30    2.756
2007     1  31    3.034
2007     2   1    3.137
2007     2   2    3.646
2007     2   3    4.071
2007     2   4    3.715
2007     2   5    3.361
2007     2   6    3.272
2007     2   7    3.123
2007     2   8    3.158
2007     2   9    3.269
2007     2  10    3.287
2007     2  11    3.317
2007     2  12    3.399
2007     2  13    3.122
2007     2  14    3.421
2007     2  15    3.640
2007     2  16    3.576
2007     2  17    3.684
2007     2  18    3.796
2007     2  19    3.670
2007     2  20    3.676
2007     2  21    4.012
2007     2  22    4.019
2007     2  23    4.129
2007     2  24    4.103
2007     2  25    4.050
2007     2  26    4.115
2007     2  27    4.179
2007     2  28    4.211
2007     3   1    4.187
2007     3   2    4.097
2007     3   3    4.252
2007     3   4    4.258
2007     3   5    4.242
2007     3   6    3.888
2007     3   7    3.486
2007     3   8    3.460
2007     3   9    3.363
2007     3  10    3.790
2007     3  11    4.272
2007     3  12    4.588
2007     3  13    4.952
2007     3  14    5.969
2007     3  15    5.353
2007     3  16    4.336
2007     3  17    4.342
2007     3  18    4.347
2007     3  19    4.344
2007     3  20    4.340
2007     3  21    4.356
2007     3  22    4.345
2007     3  23    5.069
2007     3  24    5.690
2007     3  25    4.637
2007     3  26    4.760
2007     3  27    6.561
2007     3  28    5.953
2007     3  29    5.213
2007     3  30    5.815
2007     3  31    5.806
2007     4   1    6.365
2007     4   2    5.226
2007     4   3    5.169
2007     4   4    4.651
2007     4   5    4.646
2007     4   6    4.623
2007     4   7    4.965
2007     4   8    4.757
2007     4   9    5.469
2007     4  10    5.035
2007     4  11    6.277
2007     4  12    5.603
2007     4  13    5.912
2007     4  14    6.950
2007     4  15    6.177
2007     4  16    7.184
2007     4  17    7.645
2007     4  18    8.399
2007     4  19   10.539
2007     4  20   11.507
2007     4  21   12.805
2007     4  22   13.865
2007     4  23   15.468
2007     4  24   15.678
2007     4  25   13.000
2007     4  26   13.211
2007     4  27   12.695
2007     4  28   14.563
2007     4  29   14.285
2007     4  30   14.110
2007     5   1   14.423
2007     5   2   14.709
2007     5   3   14.500
2007     5   4   14.663
2007     5   5   14.668
2007     5   6   14.463
2007     5   7   15.127
2007     5   8   16.476
2007     5   9   18.150
2007     5  10   19.663
2007     5  11   19.516
2007     5  12   18.785
2007     5  13   17.198
2007     5  14   16.993
2007     5  15   17.318
2007     5  16   17.806
2007     5  17   13.365
2007     5  18   10.827
2007     5  19   10.179
2007     5  20   14.567
2007     5  21   15.684
2007     5  22   16.330
2007     5  23   17.055
2007     5  24   18.128
2007     5  25   20.056
2007     5  26   20.228
2007     5  27   19.684
2007     5  28   19.653
2007     5  29   18.961
2007     5  30   19.331
2007     5  31   19.202
2007     6   1   19.982
2007     6   2   20.966
2007     6   3   20.011
2007     6   4   17.904
2007     6   5   19.556
2007     6   6   18.130
2007     6   7   17.655
2007     6   8   19.829
2007     6   9   19.861
2007     6  10   19.741
2007     6  11   20.496
2007     6  12   20.991
2007     6  13   19.372
2007     6  14   18.390
2007     6  15   18.824
2007     6  16   19.541
2007     6  17   20.604
2007     6  18   20.812
2007     6  19   21.600
2007     6  20   21.358
2007     6  21   20.639
2007     6  22   19.667
2007     6  23   18.887
2007     6  24   19.331
2007     6  25   21.180
2007     6  26   22.629
2007     6  27   23.847
2007     6  28   23.814
2007     6  29   21.792
2007     6  30   21.097
2007     7   1   20.175
2007     7   2   19.538
2007     7   3   20.034
2007     7   4   20.107
2007     7   5   19.460
2007     7   6   19.813
2007     7   7   21.622
2007     7   8   22.660
2007     7   9   22.846
2007     7  10   24.636
2007     7  11   24.930
2007     7  12   23.610
2007     7  13   22.695
2007     7  14   22.620
2007     7  15   23.295
2007     7  16   23.018
2007     7  17   23.161
2007     7  18   22.879
2007     7  19   23.251
2007     7  20   23.805
2007     7  21   22.632
2007     7  22   22.732
2007     7  23   22.037
2007     7  24   22.477
2007     7  25   23.337
2007     7  26   24.065
2007     7  27   24.732
2007     7  28   24.329
2007     7  29   24.780
2007     7  30   24.791
2007     7  31   24.509
2007     8   1   25.092
2007     8   2   25.425
2007     8   3   25.304
2007     8   4   25.248
2007     8   5   25.193
2007     8   6   21.261
2007     8   7   21.393
2007     8   8   22.143
2007     8   9   22.994
2007     8  10   21.832
2007     8  11   21.949
2007     8  12   23.677
2007     8  13   24.084
2007     8  14   22.389
2007     8  15   22.664
2007     8  16   23.391
2007     8  17   23.573
2007     8  18   21.197
2007     8  19   20.354
2007     8  20   20.159
2007     8  21   20.107
2007     8  22   19.730
2007     8  23   20.786
2007     8  24   22.883
2007     8  25   24.573
2007     8  26   24.382
2007     8  27   23.403
2007     8  28   23.296
2007     8  29   23.601
2007     8  30   24.167
2007     8  31   23.470
2007     9   1   21.861
2007     9   2   20.903
2007     9   3   21.894
2007     9   4   21.926
2007     9   5   20.786
2007     9   6   21.350
2007     9   7   23.508
2007     9   8   24.527
2007     9   9   23.568
2007     9  10   21.681
2007     9  11   20.962
2007     9  12   20.760
2007     9  13   20.237
2007     9  14   20.678
2007     9  15   20.148
2007     9  16   18.152
2007     9  17   18.163
2007     9  18   18.154
2007     9  19   18.675
2007     9  20   20.105
2007     9  21   21.418
2007     9  22   21.421
2007     9  23   21.138
2007     9  24   20.679
2007     9  25   21.372
2007     9  26   22.880
2007     9  27   23.569
2007     9  28   22.544
2007     9  29   20.431
2007     9  30   19.260
2007    10   1   19.152
2007    10   2   19.079
2007    10   3   20.284
2007    10   4   22.015
2007    10   5   22.169
2007    10   6   22.824
2007    10   7   21.924
2007    10   8   20.834
2007    10   9   20.318
2007    10  10   18.833
2007    10  11   18.804
2007    10  12   17.967
2007    10  13   16.276
2007    10  14   16.369
2007    10  15   16.124
2007    10  16   16.207
2007    10  17   16.640
2007    10  18   18.764
2007    10  19   20.624
2007    10  20   20.615
2007    10  21   19.380
2007    10  22   19.752
2007    10  23   20.628
2007    10  24   19.593
2007    10  25   17.857
2007    10  26   16.816
2007    10  27   18.106
2007    10  28   16.991
2007    10  29   14.537
2007    10  30   14.858
2007    10  31   15.758
2007    11   1   16.469
2007    11   2   14.610
2007    11   3   13.984
2007    11   4   13.534
2007    11   5   14.021
2007    11   6   13.868
2007    11   7   12.331
2007    11   8   11.582
2007    11   9   11.571
2007    11  10   11.392
2007    11  11   10.397
2007    11  12   10.589
2007    11  13   12.200
2007    11  14   12.633
2007    11  15   14.609
2007    11  16   12.571
2007    11  17   10.685
2007    11  18   10.092
2007    11  19    9.552
2007    11  20    9.302
2007    11  21    9.912
2007    11  22   12.160
2007    11  23   10.603
2007    11  24    8.786
2007    11  25    8.499
2007    11  26    9.288
2007    11  27   11.860
2007    11  28    9.982
2007    11  29   10.054
2007    11  30    9.258
2007    12   1    8.356
2007    12   2    7.321
2007    12   3    7.386
2007    12   4    7.458
2007    12   5    7.299
2007    12   6    7.077
2007    12   7    6.827
2007    12   8    7.078
2007    12   9    7.137
2007    12  10    7.324
2007    12  11    7.340
2007    12  12    7.502
2007    12  13    7.406
2007    12  14    7.429
2007    12  15    7.584
2007    12  16    7.692
2007    12  17    7.779
2007    12  18    7.667
2007    12  19    7.800
2007    12  20    7.855
2007    12  21    7.940
2007    12  22    7.973
2007    12  23    7.896
2007    12  24    7.697
2007    12  25    7.874
2007    12  26    7.869
2007    12  27    7.947
2007    12  28    7.961
2007    12  29    7.942
2007    12  30    7.918
2007    12  31    7.909
2008     1   1    7.900
2008     1   2    7.912
2008     1   3    7.875
2008     1   4    7.774
2008     1   5    7.734
2008     1   6    7.830
2008     1   7    7.977
2008     1   8    8.397
2008     1   9    8.298
2008     1  10    7.644
2008     1  11    7.613
2008     1  12    7.628
2008     1  13    7.407
2008     1  14    7.366
2008     1  15    7.503
2008     1  16    7.522
2008     1  17    7.529
2008     1  18    7.485
2008     1  19    7.538
2008     1  20    7.513
2008     1  21    7.267
2008     1  22    7.057
2008     1  23    7.080
2008     1  24    7.024
2008     1  25    6.885
2008     1  26    6.777
2008     1  27    6.800
2008     1  28    6.850
2008     1  29    6.874
2008     1  30    6.879
2008     1  31    6.650
2008     2   1    6.936
2008     2   2    6.942
2008     2   3    7.096
2008     2   4    7.184
2008     2   5    7.157
2008     2   6    7.060
2008     2   7    7.004
2008     2   8    7.167
2008     2   9    7.210
2008     2  10    7.268
2008     2  11    7.299
2008     2  12    7.230
2008     2  13    6.951
2008     2  14    7.053
2008     2  15    7.197
2008     2  16    7.187
2008     2  17    7.156
2008     2  18    6.968
2008     2  19    7.125
2008     2  20    7.126
2008     2  21    7.013
2008     2  22    6.993
2008     2  23    7.003
2008     2  24    7.053
2008     2  25    7.102
2008     2  26    7.176
2008     2  27    7.010
2008     2  28    6.640
2008     2  29    6.627
2008     3   1    6.691
2008     3   2    6.640
2008     3   3    6.602
2008     3   4    6.513
2008     3   5    6.527
2008     3   6    6.936
2008     3   7    7.323
2008     3   8    6.443
2008     3   9    6.326
2008     3  10    6.617
2008     3  11    7.036
2008     3  12    6.789
2008     3  13    7.159
2008     3  14    7.222
2008     3  15    6.690
2008     3  16    6.942
2008     3  17    7.166
2008     3  18    7.487
2008     3  19    7.011
2008     3  20    7.081
2008     3  21    7.090
2008     3  22    7.039
2008     3  23    7.329
2008     3  24    7.502
2008     3  25    7.475
2008     3  26    7.304
2008     3  27    7.620
2008     3  28    6.978
2008     3  29    6.911
2008     3  30    6.805
2008     3  31    6.816
2008     4   1    8.027
2008     4   2    7.909
2008     4   3    8.161
2008     4   4    7.721
2008     4   5    8.976
2008     4   6    8.590
2008     4   7    9.590
2008     4   8   10.591
2008     4   9   11.180
2008     4  10   13.107
2008     4  11   11.729
2008     4  12   13.597
2008     4  13   12.192
2008     4  14   11.050
2008     4  15   11.445
2008     4  16   12.555
2008     4  17   13.870
2008     4  18   14.983
2008     4  19   16.234
2008     4  20   15.785
2008     4  21   15.713
2008     4  22   15.991
2008     4  23   17.359
2008     4  24   17.475
2008     4  25   16.833
2008     4  26   16.502
2008     4  27   15.615
2008     4  28   13.932
2008     4  29   13.923
2008     4  30   13.009
2008     5   1   13.584
2008     5   2   13.500
2008     5   3   13.103
2008     5   4   13.549
2008     5   5   15.075
2008     5   6   16.443
2008     5   7   16.888
2008     5   8   17.538
2008     5   9   15.975
2008     5  10   16.018
2008     5  11   16.421
2008     5  12   15.430
2008     5  13   16.077
2008     5  14   17.016
2008     5  15   16.697
2008     5  16   16.410
2008     5  17   16.690
2008     5  18   17.012
2008     5  19   15.651
2008     5  20   15.664
2008     5  21   16.069
2008     5  22   15.484
2008     5  23   15.982
2008     5  24   16.485
2008     5  25   17.290
2008     5  26   18.329
2008     5  27   19.582
2008     5  28   17.734
2008     5  29   17.540
2008     5  30   18.644
2008     5  31   19.149
2008     6   1   19.206
2008     6   2   19.057
2008     6   3   19.772
2008     6   4   19.197
2008     6   5   18.676
2008     6   6   18.455
2008     6   7   20.531
2008     6   8   22.891
2008     6   9   23.791
2008     6  10   24.564
2008     6  11   23.477
2008     6  12   22.541
2008     6  13   21.778
2008     6  14   22.098
2008     6  15   21.702
2008     6  16   20.882
2008     6  17   20.221
2008     6  18   18.486
2008     6  19   20.360
2008     6  20   20.281
2008     6  21   21.457
2008     6  22   21.835
2008     6  23   21.723
2008     6  24   20.844
2008     6  25   21.970
2008     6  26   22.063
2008     6  27   22.907
2008     6  28   23.222
2008     6  29   23.301
2008     6  30   24.015
2008     7   1   23.884
2008     7   2   23.738
2008     7   3   23.484
2008     7   4   23.166
2008     7   5   22.970
2008     7   6   23.817
2008     7   7   24.701
2008     7   8   25.534
2008     7   9   25.824
2008     7  10   24.753
2008     7  11   23.621
2008     7  12   24.295
2008     7  13   24.588
2008     7  14   24.413
2008     7  15   24.191
2008     7  16   24.421
2008     7  17   24.242
2008     7  18   25.109
2008     7  19   25.561
2008     7  20   25.841
2008     7  21   25.812
2008     7  22   25.117
2008     7  23   24.473
2008     7  24   24.076
2008     7  25   25.251
2008     7  26   25.225
2008     7  27   24.214
2008     7  28   24.467
2008     7  29   24.268
2008     7  30   24.663
2008     7  31   24.918
2008     8   1   25.141
2008     8   2   24.876
2008     8   3   24.347
2008     8   4   24.284
2008     8   5   24.435
2008     8   6   23.606
2008     8   7   24.030
2008     8   8   22.948
2008     8   9   23.294
2008     8  10   23.629
2008     8  11   23.044
2008     8  12   22.837
2008     8  13   23.012
2008     8  14   23.667
2008     8  15   23.682
2008     8  16   23.663
2008     8  17   23.663
2008     8  18   24.533
2008     8  19   23.894
2008     8  20   21.782
2008     8  21   22.272
2008     8  22   23.483
2008     8  23   23.854
2008     8  24   24.111
2008     8  25   24.079
2008     8  26   21.957
2008     8  27   21.879
2008     8  28   23.070
2008     8  29   22.951
2008     8  30   23.702
2008     8  31   23.626
2008     9   1   23.113
2008     9   2   23.772
2008     9   3   23.799
2008     9   4   24.532
2008     9   5   25.363
2008     9   6   25.187
2008     9   7   24.149
2008     9   8   23.552
2008     9   9   23.091
2008     9  10   22.911
2008     9  11   22.731
2008     9  12   22.551
2008     9  13   22.371
2008     9  14   22.191
2008     9  15   22.011
2008     9  16   21.831
2008     9  17   21.651
2008     9  18   21.471
2008     9  19   21.290
2008     9  20   21.110
2008     9  21   20.930
2008     9  22   20.750
2008     9  23   19.652
2008     9  24   20.018
2008     9  25   19.699
2008     9  26   19.764
2008     9  27   21.226
2008     9  28   22.665
2008     9  29   22.413
2008     9  30   21.631
2008    10   1   21.509
2008    10   2   20.057
2008    10   3   17.919
2008    10   4   17.554
2008    10   5   17.643
2008    10   6   17.266
2008    10   7   16.595
2008    10   8   17.386
2008    10   9   19.137
2008    10  10   19.087
2008    10  11   18.827
2008    10  12   18.861
2008    10  13   19.253
2008    10  14   19.111
2008    10  15   19.361
2008    10  16   19.455
2008    10  17   17.689
2008    10  18   16.025
2008    10  19   15.038
2008    10  20   15.123
2008    10  21   15.717
2008    10  22   14.895
2008    10  23   14.106
2008    10  24   14.333
2008    10  25   16.011
2008    10  26   17.652
2008    10  27   17.217
2008    10  28   16.171
2008    10  29   13.789
2008    10  30   12.930
2008    10  31   13.419
2008    11   1   14.826
2008    11   2   13.080
2008    11   3   12.938
2008    11   4   15.083
2008    11   5   16.504
2008    11   6   17.604
2008    11   7   18.298
2008    11   8   18.560
2008    11   9   17.301
2008    11  10   15.457
2008    11  11   13.636
2008    11  12   13.059
2008    11  13   12.956
2008    11  14   15.344
2008    11  15   17.649
2008    11  16   17.130
2008    11  17   13.708
2008    11  18   11.892
2008    11  19   10.272
2008    11  20    9.306
2008    11  21    8.740
2008    11  22    8.009
2008    11  23    7.448
2008    11  24    7.612
2008    11  25    8.528
2008    11  26    9.128
2008    11  27    9.080
2008    11  28    9.245
2008    11  29    9.334
2008    11  30    8.782
2008    12   1    9.929
2008    12   2    9.895
2008    12   3    9.079
2008    12   4    9.184
2008    12   5    8.989
2008    12   6    8.226
2008    12   7    8.130
2008    12   8    7.560
2008    12   9    8.411
2008    12  10    8.656
2008    12  11    8.798
2008    12  12    8.998
2008    12  13    9.019
2008    12  14    8.829
2008    12  15    9.084
2008    12  16    8.727
2008    12  17    8.445
2008    12  18    8.607
2008    12  19    8.295
2008    12  20    8.048
2008    12  21    7.975
2008    12  22    8.390
2008    12  23    8.543
2008    12  24    8.552
2008    12  25    8.417
2008    12  26    8.625
2008    12  27    8.412
2008    12  28    8.048
2008    12  29    7.835
2008    12  30    7.647
2008    12  31    7.636
2009     1   1    7.184
2009     1   2    7.596
2009     1   3    7.573
2009     1   4    7.514
2009     1   5    7.570
2009     1   6    7.470
2009     1   7    7.515
2009     1   8    7.675
2009     1   9    7.771
2009     1  10    7.630
2009     1  11    7.547
2009     1  12    7.581
2009     1  13    7.621
2009     1  14    7.477
2009     1  15    7.595
2009     1  16    7.428
2009     1  17    7.195
2009     1  18    7.076
2009     1  19    7.124
2009     1  20    7.224
2009     1  21    7.302
2009     1  22    7.348
2009     1  23    7.402
2009     1  24    7.384
2009     1  25    7.048
2009     1  26    7.209
2009     1  27    7.333
2009     1  28    7.351
2009     1  29    7.150
2009     1  30    7.315
2009     1  31    7.516
2009     2   1    7.514
2009     2   2    7.536
2009     2   3    7.600
2009     2   4    7.645
2009     2   5    7.649
2009     2   6    7.601
2009     2   7    7.563
2009     2   8    7.568
2009     2   9    7.630
2009     2  10    7.725
2009     2  11    7.861
2009     2  12    7.708
2009     2  13    7.566
2009     2  14    7.498
2009     2  15    7.598
2009     2  16    7.504
2009     2  17    7.338
2009     2  18    7.331
2009     2  19    7.203
2009     2  20    7.155
2009     2  21    7.268
2009     2  22    7.348
2009     2  23    7.362
2009     2  24    7.281
2009     2  25    7.387
2009     2  26    7.386
2009     2  27    8.083
2009     2  28    7.524
2009     3   1    7.352
2009     3   2    7.392
2009     3   3    7.419
2009     3   4    7.422
2009     3   5    7.485
2009     3   6    8.611
2009     3   7    8.763
2009     3   8    7.304
2009     3   9    7.386
2009     3  10    7.636
2009     3  11    7.360
2009     3  12    7.475
2009     3  13    8.071
2009     3  14    8.676
2009     3  15    8.122
2009     3  16    8.621
2009     3  17    8.826
2009     3  18    8.398
2009     3  19    8.197
2009     3  20    8.140
2009     3  21    8.212
2009     3  22    7.384
2009     3  23    7.836
2009     3  24    8.440
2009     3  25    6.969
2009     3  26    8.269
2009     3  27    9.180
2009     3  28    7.438
2009     3  29    6.239
2009     3  30    6.622
2009     3  31    6.610
2009     4   1    8.651
2009     4   2    9.312
2009     4   3    8.318
2009     4   4    7.350
2009     4   5    6.047
2009     4   6    5.882
2009     4   7    5.078
2009     4   8    6.232
2009     4   9    7.571
2009     4  10    7.118
2009     4  11    5.290
2009     4  12    5.296
2009     4  13    7.099
2009     4  14    8.556
2009     4  15   12.463
2009     4  16   13.684
2009     4  17   13.994
2009     4  18   14.430
2009     4  19   13.088
2009     4  20   13.337
2009     4  21   14.742
2009     4  22   13.606
2009     4  23   14.620
2009     4  24   17.571
2009     4  25   19.752
2009     4  26   20.033
2009     4  27   21.027
2009     4  28   18.838
2009     4  29   17.848
2009     4  30   18.106
2009     5   1   18.562
2009     5   2   17.046
2009     5   3   17.536
2009     5   4   16.812
2009     5   5   17.205
2009     5   6   17.933
2009     5   7   19.241
2009     5   8   19.656
2009     5   9   18.947
2009     5  10   18.125
2009     5  11   17.615
2009     5  12   18.121
2009     5  13   17.938
2009     5  14   19.396
2009     5  15   19.818
2009     5  16   19.013
2009     5  17   16.776
2009     5  18   17.245
2009     5  19   18.832
2009     5  20   20.386
2009     5  21   21.157
2009     5  22   20.419
2009     5  23   20.305
2009     5  24   20.298
2009     5  25   18.840
2009     5  26   17.263
2009     5  27   16.640
2009     5  28   17.219
2009     5  29   19.473
2009     5  30   18.881
2009     5  31   17.644
2009     6   1   19.204
2009     6   2   19.320
2009     6   3   19.425
2009     6   4   19.393
2009     6   5   19.797
2009     6   6   20.369
2009     6   7   20.387
2009     6   8   19.145
2009     6   9   18.885
2009     6  10   19.014
2009     6  11   20.028
2009     6  12   21.172
2009     6  13   20.402
2009     6  14   19.845
2009     6  15   19.582
2009     6  16   19.657
2009     6  17   19.479
2009     6  18   21.040
2009     6  19   21.807
2009     6  20   21.748
2009     6  21   21.239
2009     6  22   21.164
2009     6  23   21.694
2009     6  24   22.626
2009     6  25   23.069
2009     6  26   23.000
2009     6  27   22.525
2009     6  28   22.890
2009     6  29   22.913
2009     6  30   21.376
2009     7   1   21.180
2009     7   2   21.762
2009     7   3   19.737
2009     7   4   18.418
2009     7   5   19.545
2009     7   6   21.877
2009     7   7   21.233
2009     7   8   20.980
2009     7   9   21.627
2009     7  10   21.913
2009     7  11   22.113
2009     7  12   21.689
2009     7  13   21.474
2009     7  14   21.717
2009     7  15   22.536
2009     7  16   23.627
2009     7  17   23.906
2009     7  18   23.401
2009     7  19   22.927
2009     7  20   21.132
2009     7  21   22.724
2009     7  22   23.441
2009     7  23   21.500
2009     7  24   23.458
2009     7  25   23.843
2009     7  26   24.690
2009     7  27   25.539
2009     7  28   25.915
2009     7  29   25.865
2009     7  30   24.488
2009     7  31   25.030
2009     8   1   24.773
2009     8   2   25.182
2009     8   3   24.976
2009     8   4   25.581
2009     8   5   24.272
2009     8   6   23.478
2009     8   7   22.625
2009     8   8   22.378
2009     8   9   24.332
2009     8  10   25.701
2009     8  11   24.414
2009     8  12   23.835
2009     8  13   24.458
2009     8  14   25.559
2009     8  15   26.181
2009     8  16   26.742
2009     8  17   26.817
2009     8  18   25.772
2009     8  19   23.637
2009     8  20   23.578
2009     8  21   22.745
2009     8  22   22.405
2009     8  23   21.852
2009     8  24   21.271
2009     8  25   20.891
2009     8  26   18.681
2009     8  27   17.972
2009     8  28   15.967
2009     8  29   17.270
2009     8  30   16.818
2009     8  31   16.177
2009     9   1   16.805
2009     9   2   17.350
2009     9   3   18.122
2009     9   4   18.296
2009     9   5   16.543
2009     9   6   15.953
2009     9   7   16.977
2009     9   8   16.826
2009     9   9   15.314
2009     9  10   14.541
2009     9  11   15.833
2009     9  12   17.205
2009     9  13   16.399
2009     9  14   16.430
2009     9  15   15.060
2009     9  16   14.444
2009     9  17   18.778
2009     9  18   18.442
2009     9  19   18.883
2009     9  20   19.994
2009     9  21   21.265
2009     9  22   22.700
2009     9  23   23.112
2009     9  24   20.101
2009     9  25   18.772
2009     9  26   19.041
2009     9  27   20.450
2009     9  28   19.488
2009     9  29   17.778
2009     9  30   15.832
2009    10   1   16.000
2009    10   2   17.576
2009    10   3   19.413
2009    10   4   17.204
2009    10   5   14.625
2009    10   6   14.009
2009    10   7   13.145
2009    10   8   13.181
2009    10   9   13.592
2009    10  10   11.122
2009    10  11    9.885
2009    10  12    9.799
2009    10  13    8.444
2009    10  14    7.424
2009    10  15    7.799
2009    10  16   11.098
2009    10  17   10.891
2009    10  18   10.536
2009    10  19   12.591
2009    10  20   14.763
2009    10  21   16.216
2009    10  22   14.179
2009    10  23   14.431
2009    10  24   16.446
2009    10  25   14.587
2009    10  26   14.109
2009    10  27   13.662
2009    10  28   13.760
2009    10  29   14.306
2009    10  30   15.932
2009    10  31   15.605
2009    11   1   13.816
2009    11   2   13.617
2009    11   3   12.568
2009    11   4   12.623
2009    11   5   11.748
2009    11   6   11.018
2009    11   7   12.660
2009    11   8   13.527
2009    11   9   14.861
2009    11  10   13.686
2009    11  11   12.601
2009    11  12   12.533
2009    11  13   13.641
2009    11  14   15.376
2009    11  15   14.405
2009    11  16   12.251
2009    11  17   11.132
2009    11  18   11.963
2009    11  19   14.448
2009    11  20   13.098
2009    11  21   12.207
2009    11  22   12.106
2009    11  23   12.655
2009    11  24   13.225
2009    11  25   13.651
2009    11  26   12.825
2009    11  27   11.752
2009    11  28   11.279
2009    11  29   11.854
2009    11  30   10.180
2009    12   1    9.998
2009    12   2   13.536
2009    12   3   12.315
2009    12   4   10.730
2009    12   5   10.030
2009    12   6    9.614
2009    12   7    9.249
2009    12   8    9.037
2009    12   9    8.835
2009    12  10    8.843
2009    12  11    8.734
2009    12  12    8.528
2009    12  13    8.388
2009    12  14    8.350
2009    12  15    8.160
2009    12  16    7.688
2009    12  17    6.697
2009    12  18    6.550
2009    12  19    6.821
2009    12  20    6.818
2009    12  21    6.658
2009    12  22    6.431
2009    12  23    6.461
2009    12  24    6.572
2009    12  25    6.727
2009    12  26    6.970
2009    12  27    6.947
2009    12  28    6.752
2009    12  29    6.228
2009    12  30    6.500
2009    12  31    6.500
2010     1   1    6.500
2010     1   2    6.620
2010     1   3    6.763
2010     1   4    6.904
2010     1   5    7.026
2010     1   6    7.099
2010     1   7    7.159
2010     1   8    7.183
2010     1   9    7.196
2010     1  10    7.134
2010     1  11    6.914
2010     1  12    6.882
2010     1  13    6.887
2010     1  14    6.688
2010     1  15    6.877
2010     1  16    6.989
2010     1  17    7.088
2010     1  18    7.145
2010     1  19    7.203
2010     1  20    7.229
2010     1  21    7.240
2010     1  22    7.246
2010     1  23    7.262
2010     1  24    7.218
2010     1  25    7.272
2010     1  26    7.650
2010     1  27    7.071
2010     1  28    7.047
2010     1  29    6.878
2010     1  30    6.761
2010     1  31    6.391
2010     2   1    6.302
2010     2   2    6.184
2010     2   3    6.094
2010     2   4    6.126
2010     2   5    6.082
2010     2   6    6.001
2010     2   7    5.954
2010     2   8    5.596
2010     2   9    5.663
2010     2  10    5.686
2010     2  11    5.882
2010     2  12    5.936
2010     2  13    5.828
2010     2  14    5.730
2010     2  15    5.881
2010     2  16    5.945
2010     2  17    5.992
2010     2  18    6.049
2010     2  19    6.086
2010     2  20    6.153
2010     2  21    6.337
2010     2  22    6.321
2010     2  23    6.591
2010     2  24    6.428
2010     2  25    6.514
2010     2  26    6.531
2010     2  27    6.444
2010     2  28    6.577
2010     3   1    6.767
2010     3   2    7.336
2010     3   3    6.742
2010     3   4    6.897
2010     3   5    6.976
2010     3   6    7.161
2010     3   7    7.449
2010     3   8    7.465
2010     3   9    7.246
2010     3  10    7.486
2010     3  11    6.915
2010     3  12    7.031
2010     3  13    6.915
2010     3  14    6.958
2010     3  15    7.759
2010     3  16    8.755
2010     3  17    9.933
2010     3  18   10.915
2010     3  19   11.929
2010     3  20   12.622
2010     3  21   12.356
2010     3  22   11.284
2010     3  23   10.472
2010     3  24   10.691
2010     3  25   10.876
2010     3  26   10.287
2010     3  27    8.645
2010     3  28    9.077
2010     3  29   11.445
2010     3  30   11.265
2010     3  31   11.954
2010     4   1   13.081
2010     4   2   14.373
2010     4   3   15.419
2010     4   4   15.512
2010     4   5   15.181
2010     4   6   14.840
2010     4   7   16.172
2010     4   8   16.960
2010     4   9   14.768
2010     4  10   13.340
2010     4  11   14.440
2010     4  12   13.915
2010     4  13   13.627
2010     4  14   13.956
2010     4  15   14.296
2010     4  16   12.835
2010     4  17   12.153
2010     4  18   12.343
2010     4  19   12.856
2010     4  20   14.029
2010     4  21   14.999
2010     4  22   15.739
2010     4  23   14.942
2010     4  24   15.204
2010     4  25   15.631
2010     4  26   15.821
2010     4  27   14.255
2010     4  28   11.956
2010     4  29   12.842
2010     4  30   14.480
2010     5   1   17.458
2010     5   2   19.525
2010     5   3   19.949
2010     5   4   18.321
2010     5   5   17.344
2010     5   6   17.404
2010     5   7   16.526
2010     5   8   16.011
2010     5   9   14.273
2010     5  10   13.942
2010     5  11   14.160
2010     5  12   13.815
2010     5  13   14.605
2010     5  14   15.846
2010     5  15   17.034
2010     5  16   16.846
2010     5  17   17.220
2010     5  18   16.544
2010     5  19   15.828
2010     5  20   17.620
2010     5  21   19.330
2010     5  22   19.091
2010     5  23   19.373
2010     5  24   20.200
2010     5  25   21.300
2010     5  26   22.422
2010     5  27   21.287
2010     5  28   20.342
2010     5  29   20.252
2010     5  30   20.794
2010     5  31   21.039
2010     6   1   21.006
2010     6   2   21.699
2010     6   3   22.097
2010     6   4   22.399
2010     6   5   23.021
2010     6   6   22.255
2010     6   7   20.253
2010     6   8   19.289
2010     6   9   18.660
2010     6  10   18.275
2010     6  11   19.109
2010     6  12   19.520
2010     6  13   19.730
2010     6  14   20.347
2010     6  15   20.350
2010     6  16   20.068
2010     6  17   20.534
2010     6  18   21.393
2010     6  19   22.282
2010     6  20   22.959
2010     6  21   23.319
2010     6  22   22.629
2010     6  23   23.036
2010     6  24   24.144
2010     6  25   24.391
2010     6  26   24.064
2010     6  27   24.255
2010     6  28   25.468
2010     6  29   25.241
2010     6  30   23.071
2010     7   1   21.847
2010     7   2   22.049
2010     7   3   23.156
2010     7   4   24.020
2010     7   5   25.096
2010     7   6   26.808
2010     7   7   27.435
2010     7   8   26.931
2010     7   9   26.552
2010     7  10   25.817
2010     7  11   25.880
2010     7  12   26.281
2010     7  13   26.227
2010     7  14   26.006
2010     7  15   25.906
2010     7  16   26.053
2010     7  17   26.667
2010     7  18   26.154
2010     7  19   25.965
2010     7  20   25.981
2010     7  21   25.868
2010     7  22   24.941
2010     7  23   24.281
2010     7  24   26.203
2010     7  25   26.500
2010     7  26   24.727
2010     7  27   25.103
2010     7  28   25.872
2010     7  29   26.361
2010     7  30   24.450
2010     7  31   23.629
2010     8   1   23.803
2010     8   2   24.187
2010     8   3   25.019
2010     8   4   26.276
2010     8   5   26.494
2010     8   6   25.440
2010     8   7   23.698
2010     8   8   24.400
2010     8   9   25.996
2010     8  10   26.391
2010     8  11   26.256
2010     8  12   24.937
2010     8  13   24.073
2010     8  14   23.843
2010     8  15   23.765
2010     8  16   24.440
2010     8  17   25.741
2010     8  18   24.711
2010     8  19   25.312
2010     8  20   24.889
2010     8  21   23.618
2010     8  22   23.455
2010     8  23   22.103
2010     8  24   22.259
2010     8  25   22.250
2010     8  26   23.321
2010     8  27   22.405
2010     8  28   22.606
2010     8  29   24.175
2010     8  30   24.880
2010     8  31   26.111
2010     9   1   26.674
2010     9   2   26.896
2010     9   3   26.524
2010     9   4   25.261
2010     9   5   22.738
2010     9   6   22.557
2010     9   7   24.046
2010     9   8   24.136
2010     9   9   21.959
2010     9  10   21.224
2010     9  11   21.351
2010     9  12   20.902
2010     9  13   20.325
2010     9  14   20.541
2010     9  15   19.397
2010     9  16   19.575
2010     9  17   21.052
2010     9  18   20.146
2010     9  19   20.821
2010     9  20   19.962
2010     9  21   19.419
2010     9  22   21.263
2010     9  23   21.882
2010     9  24   22.204
2010     9  25   23.427
2010     9  26   21.226
2010     9  27   19.585
2010     9  28   21.734
2010     9  29   22.906
2010     9  30   22.830
2010    10   1   21.380
2010    10   2   19.245
2010    10   3   18.140
2010    10   4   17.914
2010    10   5   17.800
2010    10   6   17.531
2010    10   7   17.563
2010    10   8   18.025
2010    10   9   18.124
2010    10  10   16.862
2010    10  11   17.929
2010    10  12   17.522
2010    10  13   16.372
2010    10  14   16.754
2010    10  15   14.862
2010    10  16   14.845
2010    10  17   15.652
2010    10  18   15.608
2010    10  19   15.096
2010    10  20   15.480
2010    10  21   15.164
2010    10  22   13.827
2010    10  23   14.162
2010    10  24   14.963
2010    10  25   16.387
2010    10  26   19.345
2010    10  27   20.845
2010    10  28   19.702
2010    10  29   16.853
2010    10  30   15.350
2010    10  31   15.252
2010    11   1   13.710
2010    11   2   13.712
2010    11   3   12.803
2010    11   4   13.117
2010    11   5   14.408
2010    11   6   13.531
2010    11   7   12.682
2010    11   8   11.093
2010    11   9   12.604
2010    11  10   13.707
2010    11  11   12.410
2010    11  12   12.613
2010    11  13   13.509
2010    11  14   13.567
2010    11  15   14.036
2010    11  16   14.649
2010    11  17   14.851
2010    11  18   13.575
2010    11  19   11.943
2010    11  20   11.614
2010    11  21   10.923
2010    11  22   12.018
2010    11  23   14.580
2010    11  24   12.156
2010    11  25   10.469
2010    11  26   10.833
2010    11  27    9.958
2010    11  28    9.352
2010    11  29    9.493
2010    11  30   10.213
2010    12   1   12.575
2010    12   2   11.341
2010    12   3    9.976
2010    12   4    9.488
2010    12   5    9.005
2010    12   6    8.368
2010    12   7    7.900
2010    12   8    7.372
2010    12   9    6.411
2010    12  10    5.795
2010    12  11    6.742
2010    12  12    7.738
2010    12  13    9.512
2010    12  14    8.540
2010    12  15    7.808
2010    12  16    7.694
2010    12  17    7.362
2010    12  18    7.405
2010    12  19    7.238
2010    12  20    6.859
2010    12  21    6.943
2010    12  22    7.339
2010    12  23    7.450
2010    12  24    7.139
2010    12  25    6.939
2010    12  26    7.106
2010    12  27    7.386
2010    12  28    7.415
2010    12  29    7.465
2010    12  30    7.407
2010    12  31    7.604
2011     1   1 -999.999
2011     1   2 -999.999
2011     1   3 -999.999
2011     1   4 -999.999
2011     1   5 -999.999
2011     1   6 -999.999
2011     1   7 -999.999
2011     1   8 -999.999
2011     1   9 -999.999
2011     1  10 -999.999
2011     1  11 -999.999
2011     1  12 -999.999
2011     1  13 -999.999
2011     1  14 -999.999
2011     1  15 -999.999
2011     1  16 -999.999
2011     1  17 -999.999
2011     1  18 -999.999
2011     1  19 -999.999
2011     1  20 -999.999
2011     1  21 -999.999
2011     1  22 -999.999
2011     1  23 -999.999
2011     1  24 -999.999
2011     1  25 -999.999
2011     1  26 -999.999
2011     1  27 -999.999
2011     1  28 -999.999
2011     1  29 -999.999
2011     1  30 -999.999
2011     1  31 -999.999
2011     2   1 -999.999
2011     2   2 -999.999
2011     2   3 -999.999
2011     2   4 -999.999
2011     2   5 -999.999
2011     2   6 -999.999
2011     2   7 -999.999
2011     2   8 -999.999
2011     2   9 -999.999
2011     2  10 -999.999
2011     2  11 -999.999
2011     2  12 -999.999
2011     2  13 -999.999
2011     2  14 -999.999
2011     2  15 -999.999
2011     2  16 -999.999
2011     2  17 -999.999
2011     2  18 -999.999
2011     2  19 -999.999
2011     2  20 -999.999
2011     2  21 -999.999
2011     2  22 -999.999
2011     2  23 -999.999
2011     2  24 -999.999
2011     2  25 -999.999
2011     2  26 -999.999
2011     2  27 -999.999
2011     2  28 -999.999
2011     3   1 -999.999
2011     3   2 -999.999
2011     3   3 -999.999
2011     3   4 -999.999
2011     3   5 -999.999
2011     3   6 -999.999
2011     3   7 -999.999
2011     3   8 -999.999
2011     3   9 -999.999
2011     3  10 -999.999
2011     3  11 -999.999
2011     3  12 -999.999
2011     3  13 -999.999
2011     3  14 -999.999
2011     3  15 -999.999
2011     3  16 -999.999
2011     3  17 -999.999
2011     3  18 -999.999
2011     3  19 -999.999
2011     3  20 -999.999
2011     3  21 -999.999
2011     3  22 -999.999
2011     3  23 -999.999
2011     3  24 -999.999
2011     3  25 -999.999
2011     3  26 -999.999
2011     3  27 -999.999
2011     3  28 -999.999
2011     3  29 -999.999
2011     3  30 -999.999
2011     3  31 -999.999
2011     4   1 -999.999
2011     4   2 -999.999
2011     4   3 -999.999
2011     4   4 -999.999
2011     4   5 -999.999
2011     4   6 -999.999
2011     4   7 -999.999
2011     4   8 -999.999
2011     4   9 -999.999
2011     4  10 -999.999
2011     4  11 -999.999
2011     4  12 -999.999
2011     4  13 -999.999
2011     4  14 -999.999
2011     4  15 -999.999
2011     4  16 -999.999
2011     4  17 -999.999
2011     4  18 -999.999
2011     4  19 -999.999
2011     4  20 -999.999
2011     4  21 -999.999
2011     4  22 -999.999
2011     4  23 -999.999
2011     4  24 -999.999
2011     4  25 -999.999
2011     4  26 -999.999
2011     4  27 -999.999
2011     4  28 -999.999
2011     4  29 -999.999
2011     4  30 -999.999
2011     5   1 -999.999
2011     5   2 -999.999
2011     5   3 -999.999
2011     5   4 -999.999
2011     5   5 -999.999
2011     5   6 -999.999
2011     5   7 -999.999
2011     5   8 -999.999
2011     5   9 -999.999
2011     5  10 -999.999
2011     5  11 -999.999
2011     5  12 -999.999
2011     5  13 -999.999
2011     5  14 -999.999
2011     5  15 -999.999
2011     5  16 -999.999
2011     5  17 -999.999
2011     5  18 -999.999
2011     5  19 -999.999
2011     5  20 -999.999
2011     5  21 -999.999
2011     5  22 -999.999
2011     5  23 -999.999
2011     5  24 -999.999
2011     5  25 -999.999
2011     5  26 -999.999
2011     5  27 -999.999
2011     5  28 -999.999
2011     5  29 -999.999
2011     5  30 -999.999
2011     5  31 -999.999
2011     6   1 -999.999
2011     6   2 -999.999
2011     6   3 -999.999
2011     6   4 -999.999
2011     6   5 -999.999
2011     6   6 -999.999
2011     6   7 -999.999
2011     6   8 -999.999
2011     6   9 -999.999
2011     6  10 -999.999
2011     6  11 -999.999
2011     6  12 -999.999
2011     6  13 -999.999
2011     6  14 -999.999
2011     6  15 -999.999
2011     6  16 -999.999
2011     6  17 -999.999
2011     6  18 -999.999
2011     6  19 -999.999
2011     6  20 -999.999
2011     6  21 -999.999
2011     6  22 -999.999
2011     6  23 -999.999
2011     6  24 -999.999
2011     6  25 -999.999
2011     6  26 -999.999
2011     6  27 -999.999
2011     6  28 -999.999
2011     6  29 -999.999
2011     6  30 -999.999
2011     7   1 -999.999
2011     7   2 -999.999
2011     7   3 -999.999
2011     7   4 -999.999
2011     7   5 -999.999
2011     7   6 -999.999
2011     7   7 -999.999
2011     7   8 -999.999
2011     7   9 -999.999
2011     7  10 -999.999
2011     7  11 -999.999
2011     7  12 -999.999
2011     7  13 -999.999
2011     7  14 -999.999
2011     7  15 -999.999
2011     7  16 -999.999
2011     7  17 -999.999
2011     7  18 -999.999
2011     7  19 -999.999
2011     7  20 -999.999
2011     7  21 -999.999
2011     7  22 -999.999
2011     7  23 -999.999
2011     7  24 -999.999
2011     7  25 -999.999
2011     7  26 -999.999
2011     7  27 -999.999
2011     7  28 -999.999
2011     7  29 -999.999
2011     7  30 -999.999
2011     7  31 -999.999
2011     8   1 -999.999
2011     8   2 -999.999
2011     8   3 -999.999
2011     8   4 -999.999
2011     8   5 -999.999
2011     8   6 -999.999
2011     8   7 -999.999
2011     8   8 -999.999
2011     8   9 -999.999
2011     8  10 -999.999
2011     8  11 -999.999
2011     8  12 -999.999
2011     8  13 -999.999
2011     8  14 -999.999
2011     8  15 -999.999
2011     8  16 -999.999
2011     8  17 -999.999
2011     8  18 -999.999
2011     8  19 -999.999
2011     8  20 -999.999
2011     8  21 -999.999
2011     8  22 -999.999
2011     8  23 -999.999
2011     8  24 -999.999
2011     8  25 -999.999
2011     8  26 -999.999
2011     8  27 -999.999
2011     8  28 -999.999
2011     8  29 -999.999
2011     8  30 -999.999
2011     8  31 -999.999
2011     9   1 -999.999
2011     9   2 -999.999
2011     9   3 -999.999
2011     9   4 -999.999
2011     9   5 -999.999
2011     9   6 -999.999
2011     9   7 -999.999
2011     9   8 -999.999
2011     9   9 -999.999
2011     9  10 -999.999
2011     9  11 -999.999
2011     9  12 -999.999
2011     9  13 -999.999
2011     9  14 -999.999
2011     9  15 -999.999
2011     9  16 -999.999
2011     9  17 -999.999
2011     9  18 -999.999
2011     9  19 -999.999
2011     9  20 -999.999
2011     9  21 -999.999
2011     9  22 -999.999
2011     9  23 -999.999
2011     9  24 -999.999
2011     9  25 -999.999
2011     9  26 -999.999
2011     9  27 -999.999
2011     9  28 -999.999
2011     9  29 -999.999
2011     9  30 -999.999
2011    10   1 -999.999
2011    10   2 -999.999
2011    10   3 -999.999
2011    10   4 -999.999
2011    10   5 -999.999
2011    10   6 -999.999
2011    10   7 -999.999
2011    10   8 -999.999
2011    10   9 -999.999
2011    10  10 -999.999
2011    10  11 -999.999
2011    10  12 -999.999
2011    10  13 -999.999
2011    10  14 -999.999
2011    10  15 -999.999
2011    10  16 -999.999
2011    10  17 -999.999
2011    10  18 -999.999
2011    10  19 -999.999
2011    10  20 -999.999
2011    10  21 -999.999
2011    10  22 -999.999
2011    10  23 -999.999
2011    10  24 -999.999
2011    10  25 -999.999
2011    10  26 -999.999
2011    10  27 -999.999
2011    10  28 -999.999
2011    10  29 -999.999
2011    10  30 -999.999
2011    10  31 -999.999
2011    11   1 -999.999
2011    11   2 -999.999
2011    11   3 -999.999
2011    11   4 -999.999
2011    11   5 -999.999
2011    11   6 -999.999
2011    11   7 -999.999
2011    11   8 -999.999
2011    11   9 -999.999
2011    11  10 -999.999
2011    11  11 -999.999
2011    11  12 -999.999
2011    11  13 -999.999
2011    11  14 -999.999
2011    11  15 -999.999
2011    11  16 -999.999
2011    11  17 -999.999
2011    11  18 -999.999
2011    11  19 -999.999
2011    11  20 -999.999
2011    11  21 -999.999
2011    11  22 -999.999
2011    11  23 -999.999
2011    11  24 -999.999
2011    11  25 -999.999
2011    11  26 -999.999
2011    11  27 -999.999
2011    11  28 -999.999
2011    11  29 -999.999
2011    11  30 -999.999
2011    12   1 -999.999
2011    12   2 -999.999
2011    12   3 -999.999
2011    12   4 -999.999
2011    12   5 -999.999
2011    12   6 -999.999
2011    12   7 -999.999
2011    12   8 -999.999
2011    12   9 -999.999
2011    12  10 -999.999
2011    12  11 -999.999
2011    12  12 -999.999
2011    12  13 -999.999
2011    12  14 -999.999
2011    12  15 -999.999
2011    12  16 -999.999
2011    12  17 -999.999
2011    12  18 -999.999
2011    12  19 -999.999
2011    12  20 -999.999
2011    12  21 -999.999
2011    12  22 -999.999
2011    12  23 -999.999
2011    12  24 -999.999
2011    12  25 -999.999
2011    12  26 -999.999
2011    12  27 -999.999
2011    12  28 -999.999
2011    12  29 -999.999
2011    12  30 -999.999
2011    12  31 -999.999
2012     1   1    7.839
2012     1   2    8.727
2012     1   3    7.267
2012     1   4    5.989
2012     1   5    5.979
2012     1   6    6.146
2012     1   7    6.809
2012     1   8    6.493
2012     1   9    6.348
2012     1  10    6.558
2012     1  11    6.630
2012     1  12    6.602
2012     1  13    6.702
2012     1  14    6.714
2012     1  15    6.211
2012     1  16    5.657
2012     1  17    5.976
2012     1  18    6.116
2012     1  19    5.882
2012     1  20    5.998
2012     1  21    5.913
2012     1  22    5.880
2012     1  23    5.956
2012     1  24    6.848
2012     1  25    6.353
2012     1  26    6.485
2012     1  27    6.287
2012     1  28    6.610
2012     1  29    6.431
2012     1  30    6.313
2012     1  31    6.469
2012     2   1    6.935
2012     2   2    6.505
2012     2   3    6.371
2012     2   4    6.520
2012     2   5    6.037
2012     2   6    6.246
2012     2   7    6.295
2012     2   8    5.940
2012     2   9    6.028
2012     2  10    6.250
2012     2  11    6.146
2012     2  12    5.467
2012     2  13    5.372
2012     2  14    5.829
2012     2  15    6.146
2012     2  16    6.305
2012     2  17    6.297
2012     2  18    6.416
2012     2  19    6.381
2012     2  20    6.151
2012     2  21    6.331
2012     2  22    6.897
2012     2  23    6.831
2012     2  24    6.396
2012     2  25    6.427
2012     2  26    6.263
2012     2  27    6.337
2012     2  28    6.209
2012     2  29    6.627
2012     3   1    6.250
2012     3   2    6.325
2012     3   3    6.273
2012     3   4    6.282
2012     3   5    6.319
2012     3   6    6.565
2012     3   7    6.569
2012     3   8    6.249
2012     3   9    6.218
2012     3  10    6.401
2012     3  11    6.485
2012     3  12    6.706
2012     3  13    6.785
2012     3  14    6.982
2012     3  15    6.742
2012     3  16    7.016
2012     3  17    7.204
2012     3  18    7.274
2012     3  19    7.379
2012     3  20    7.412
2012     3  21    7.410
2012     3  22    7.126
2012     3  23    7.266
2012     3  24    7.443
2012     3  25    7.161
2012     3  26    7.419
2012     3  27    7.526
2012     3  28    7.261
2012     3  29    7.274
2012     3  30    7.536
2012     3  31    7.477
2012     4   1    8.255
2012     4   2    8.504
2012     4   3    8.300
2012     4   4    7.965
2012     4   5    7.862
2012     4   6    7.734
2012     4   7    8.018
2012     4   8    8.534
2012     4   9    9.569
2012     4  10    9.558
2012     4  11    9.559
2012     4  12    9.617
2012     4  13    9.939
2012     4  14   10.596
2012     4  15   11.555
2012     4  16   12.166
2012     4  17   12.082
2012     4  18   12.335
2012     4  19   12.901
2012     4  20   13.190
2012     4  21   13.627
2012     4  22   13.765
2012     4  23   14.026
2012     4  24   14.758
2012     4  25   14.638
2012     4  26   13.872
2012     4  27   13.565
2012     4  28   13.060
2012     4  29   13.218
2012     4  30   13.796
2012     5   1   12.998
2012     5   2   13.168
2012     5   3   13.416
2012     5   4   14.803
2012     5   5   15.794
2012     5   6   16.161
2012     5   7   16.809
2012     5   8   15.603
2012     5   9   16.368
2012     5  10   16.069
2012     5  11   15.444
2012     5  12   16.823
2012     5  13   18.690
2012     5  14   18.358
2012     5  15   18.177
2012     5  16   18.791
2012     5  17   17.963
2012     5  18   17.927
2012     5  19   18.760
2012     5  20   19.894
2012     5  21   19.103
2012     5  22   19.056
2012     5  23   19.626
2012     5  24   19.976
2012     5  25   19.827
2012     5  26   20.551
2012     5  27   21.455
2012     5  28   21.684
2012     5  29   21.524
2012     5  30   20.672
2012     5  31   19.819
2012     6   1   18.966
2012     6   2   18.114
2012     6   3   18.352
2012     6   4   16.937
2012     6   5   16.472
2012     6   6   16.933
2012     6   7   17.607
2012     6   8   18.495
2012     6   9   18.961
2012     6  10   19.807
2012     6  11   19.465
2012     6  12   19.556
2012     6  13   19.797
2012     6  14   19.664
2012     6  15   19.544
2012     6  16   19.681
2012     6  17   19.005
2012     6  18   18.874
2012     6  19   19.075
2012     6  20   21.590
2012     6  21   23.284
2012     6  22   23.547
2012     6  23   22.901
2012     6  24   21.838
2012     6  25   21.522
2012     6  26   19.929
2012     6  27   20.068
2012     6  28   21.010
2012     6  29   22.398
2012     6  30   22.979
2012     7   1   23.577
2012     7   2   23.266
2012     7   3   23.166
2012     7   4   23.338
2012     7   5   23.720
2012     7   6   23.539
2012     7   7   23.973
2012     7   8   23.974
2012     7   9   23.289
2012     7  10   23.031
2012     7  11   23.897
2012     7  12   24.651
2012     7  13   24.808
2012     7  14   25.461
2012     7  15   25.383
2012     7  16   24.910
2012     7  17   25.017
2012     7  18   26.188
2012     7  19   24.637
2012     7  20   23.132
2012     7  21   23.253
2012     7  22   24.169
2012     7  23   24.144
2012     7  24   24.189
2012     7  25   22.747
2012     7  26   23.248
2012     7  27   23.908
2012     7  28   23.702
2012     7  29   22.652
2012     7  30   22.479
2012     7  31   22.842
2012     8   1   23.134
2012     8   2   24.136
2012     8   3   25.161
2012     8   4   26.086
2012     8   5   25.448
2012     8   6   24.658
2012     8   7   23.627
2012     8   8   24.398
2012     8   9   25.412
2012     8  10   24.878
2012     8  11   24.050
2012     8  12   24.951
2012     8  13   24.245
2012     8  14   24.009
2012     8  15   24.041
2012     8  16   24.077
2012     8  17   23.753
2012     8  18   23.009
2012     8  19   21.766
2012     8  20   21.829
2012     8  21   22.216
2012     8  22   22.207
2012     8  23   22.786
2012     8  24   23.439
2012     8  25   23.541
2012     8  26   23.152
2012     8  27   23.392
2012     8  28   23.673
2012     8  29   21.642
2012     8  30   21.230
2012     8  31   22.332
2012     9   1   23.205
2012     9   2   22.249
2012     9   3   21.901
2012     9   4   22.198
2012     9   5   23.586
2012     9   6   23.213
2012     9   7   23.376
2012     9   8   23.527
2012     9   9   21.495
2012     9  10   20.028
2012     9  11   18.848
2012     9  12   19.543
2012     9  13   20.644
2012     9  14   21.317
2012     9  15   20.638
2012     9  16   18.901
2012     9  17   17.981
2012     9  18   17.455
2012     9  19   16.930
2012     9  20   16.404
2012     9  21   15.879
2012     9  22   15.353
2012     9  23   14.828
2012     9  24   14.302
2012     9  25   13.777
2012     9  26   13.251
2012     9  27   12.726
2012     9  28   12.200
2012     9  29   11.675
2012     9  30   12.065
2012    10   1   12.423
2012    10   2   12.040
2012    10   3   12.935
2012    10   4   14.152
2012    10   5   14.670
2012    10   6   14.970
2012    10   7   14.645
2012    10   8   11.438
2012    10   9   10.334
2012    10  10   10.358
2012    10  11   11.182
2012    10  12    9.934
2012    10  13    8.670
2012    10  14    7.249
2012    10  15    9.380
2012    10  16   12.607
2012    10  17   10.596
2012    10  18    9.052
2012    10  19   11.862
2012    10  20   16.137
2012    10  21   18.114
2012    10  22   16.278
2012    10  23   15.999
2012    10  24   15.885
2012    10  25   15.732
2012    10  26   15.495
2012    10  27   16.224
2012    10  28   16.518
2012    10  29   16.102
2012    10  30   16.024
2012    10  31   17.389
2012    11   1   16.476
2012    11   2   15.308
2012    11   3   14.715
2012    11   4   13.870
2012    11   5   13.023
2012    11   6   12.309
2012    11   7   10.754
2012    11   8   10.011
2012    11   9   10.136
2012    11  10   10.341
2012    11  11   11.009
2012    11  12   12.170
2012    11  13   13.315
2012    11  14   13.659
2012    11  15   11.346
2012    11  16   10.362
2012    11  17   10.229
2012    11  18    9.960
2012    11  19    9.549
2012    11  20    9.292
2012    11  21    9.465
2012    11  22    9.732
2012    11  23    9.947
2012    11  24   10.382
2012    11  25   10.346
2012    11  26    8.619
2012    11  27    8.810
2012    11  28    8.636
2012    11  29    8.662
2012    11  30    8.305
2012    12   1    8.280
2012    12   2    8.061
2012    12   3    8.817
2012    12   4   10.271
2012    12   5   10.098
2012    12   6   11.368
2012    12   7    8.521
2012    12   8    8.096
2012    12   9    9.409
2012    12  10    9.568
2012    12  11   10.111
2012    12  12   10.454
2012    12  13    8.204
2012    12  14    7.642
2012    12  15    7.436
2012    12  16    7.336
2012    12  17    7.162
2012    12  18    7.242
2012    12  19    7.900
2012    12  20    8.389
2012    12  21    8.021
2012    12  22    8.254
2012    12  23    7.902
2012    12  24    6.996
2012    12  25    6.828
2012    12  26    6.739
2012    12  27    6.577
2012    12  28    6.601
2012    12  29    6.709
2012    12  30    6.783
2012    12  31    6.891
2013     1   1    6.976
2013     1   2    7.031
2013     1   3    7.022
2013     1   4    6.881
2013     1   5    6.749
2013     1   6    6.800
2013     1   7    6.883
2013     1   8    6.942
2013     1   9    6.956
2013     1  10    7.001
2013     1  11    6.993
2013     1  12    7.067
2013     1  13    7.210
2013     1  14    7.169
2013     1  15    7.089
2013     1  16    6.726
2013     1  17    6.622
2013     1  18    6.823
2013     1  19    6.513
2013     1  20    6.463
2013     1  21    6.490
2013     1  22    6.230
2013     1  23    6.281
2013     1  24    6.151
2013     1  25    5.734
2013     1  26    5.546
2013     1  27    5.562
2013     1  28    5.439
2013     1  29    5.450
2013     1  30    5.500
2013     1  31    5.722
2013     2   1    7.362
2013     2   2    5.318
2013     2   3    5.621
2013     2   4    5.647
2013     2   5    5.496
2013     2   6    5.410
2013     2   7    5.397
2013     2   8    5.223
2013     2   9    5.246
2013     2  10    5.488
2013     2  11    5.300
2013     2  12    5.190
2013     2  13    5.091
2013     2  14    5.175
2013     2  15    5.244
2013     2  16    5.281
2013     2  17    5.253
2013     2  18    5.295
2013     2  19    5.375
2013     2  20    5.522
2013     2  21    5.244
2013     2  22    5.235
2013     2  23    5.601
2013     2  24    5.619
2013     2  25    5.580
2013     2  26    5.567
2013     2  27    5.638
2013     2  28    5.480
2013     3   1    5.732
2013     3   2    5.749
2013     3   3    5.772
2013     3   4    5.795
2013     3   5    5.939
2013     3   6    6.228
2013     3   7    5.891
2013     3   8    5.935
2013     3   9    5.975
2013     3  10    5.998
2013     3  11    6.246
2013     3  12    6.742
2013     3  13    6.854
2013     3  14    6.650
2013     3  15    5.978
2013     3  16    6.280
2013     3  17    6.286
2013     3  18    6.218
2013     3  19    6.417
2013     3  20    5.994
2013     3  21    5.944
2013     3  22    6.007
2013     3  23    6.071
2013     3  24    6.122
2013     3  25    6.246
2013     3  26    6.606
2013     3  27    6.765
2013     3  28    7.128
2013     3  29    6.995
2013     3  30    7.303
2013     3  31    7.294
2013     4   1    7.537
2013     4   2    6.991
2013     4   3    4.973
2013     4   4    4.068
2013     4   5    4.808
2013     4   6    5.672
2013     4   7    4.308
2013     4   8    5.773
2013     4   9   12.093
2013     4  10   11.933
2013     4  11   11.813
2013     4  12    9.201
2013     4  13    9.144
2013     4  14    9.776
2013     4  15   10.000
2013     4  16   11.116
2013     4  17   12.454
2013     4  18   11.983
2013     4  19   13.509
2013     4  20   13.377
2013     4  21   11.511
2013     4  22   11.240
2013     4  23   10.415
2013     4  24   12.339
2013     4  25   13.223
2013     4  26   12.746
2013     4  27   13.174
2013     4  28   14.163
2013     4  29   14.316
2013     4  30   15.137
2013     5   1   15.273
2013     5   2   15.842
2013     5   3   15.451
2013     5   4   15.537
2013     5   5   15.105
2013     5   6   15.361
2013     5   7   16.721
2013     5   8   16.994
2013     5   9   17.509
2013     5  10   17.823
2013     5  11   17.477
2013     5  12   17.029
2013     5  13   14.889
2013     5  14   14.268
2013     5  15   14.232
2013     5  16   15.838
2013     5  17   16.064
2013     5  18   16.073
2013     5  19   16.167
2013     5  20   17.128
2013     5  21   18.499
2013     5  22   17.270
2013     5  23   18.658
2013     5  24   18.714
2013     5  25   14.729
2013     5  26   13.662
2013     5  27   14.851
2013     5  28   16.126
2013     5  29   16.982
2013     5  30   19.601
2013     5  31   20.879
2013     6   1   21.558
2013     6   2   21.847
2013     6   3   21.223
2013     6   4   19.162
2013     6   5   18.994
2013     6   6   19.004
2013     6   7   17.420
2013     6   8   17.065
2013     6   9   18.538
2013     6  10   18.746
2013     6  11   17.914
2013     6  12   17.743
2013     6  13   16.965
2013     6  14   16.936
2013     6  15   18.401
2013     6  16   18.782
2013     6  17   19.461
2013     6  18   19.322
2013     6  19   18.720
2013     6  20   19.175
2013     6  21   20.187
2013     6  22   21.557
2013     6  23   21.603
2013     6  24   21.735
2013     6  25   22.208
2013     6  26   22.218
2013     6  27   22.542
2013     6  28   22.593
2013     6  29   22.488
2013     6  30   22.275
2013     7   1   22.104
2013     7   2   22.058
2013     7   3   21.917
2013     7   4   21.816
2013     7   5   21.852
2013     7   6   22.342
2013     7   7   22.795
2013     7   8   23.203
2013     7   9   23.279
2013     7  10   23.288
2013     7  11   23.242
2013     7  12   23.286
2013     7  13   23.339
2013     7  14   23.487
2013     7  15   23.751
2013     7  16   23.788
2013     7  17   23.953
2013     7  18   24.015
2013     7  19   23.806
2013     7  20   23.408
2013     7  21   23.514
2013     7  22   23.377
2013     7  23   22.795
2013     7  24   23.377
2013     7  25   22.850
2013     7  26   23.071
2013     7  27   23.984
2013     7  28   24.564
2013     7  29   25.291
2013     7  30   24.281
2013     7  31   23.865
2013     8   1   23.597
2013     8   2   23.459
2013     8   3   23.381
2013     8   4   22.734
2013     8   5   21.891
2013     8   6   22.263
2013     8   7   22.935
2013     8   8   23.790
2013     8   9   24.545
2013     8  10   24.651
2013     8  11   23.257
2013     8  12   23.492
2013     8  13   23.579
2013     8  14   22.557
2013     8  15   21.891
2013     8  16   22.189
2013     8  17   22.677
2013     8  18   23.032
2013     8  19   23.000
2013     8  20   23.545
2013     8  21   24.110
2013     8  22   24.574
2013     8  23   24.144
2013     8  24   22.877
2013     8  25   22.965
2013     8  26   23.428
2013     8  27   24.822
2013     8  28   25.130
2013     8  29   23.479
2013     8  30   23.633
2013     8  31   25.147
2013     9   1   25.066
2013     9   2   26.071
2013     9   3   25.094
2013     9   4   23.561
2013     9   5   22.595
2013     9   6   20.759
2013     9   7   21.180
2013     9   8   21.570
2013     9   9   20.084
2013     9  10   21.553
2013     9  11   24.970
2013     9  12   25.111
2013     9  13   23.983
2013     9  14   21.328
2013     9  15   20.353
2013     9  16   20.306
2013     9  17   18.572
2013     9  18   19.258
2013     9  19   20.222
2013     9  20   21.092
2013     9  21   21.453
2013     9  22   21.165
2013     9  23   18.809
2013     9  24   18.124
2013     9  25   18.834
2013     9  26   19.271
2013     9  27   19.365
2013     9  28   19.773
2013     9  29   19.709
2013     9  30   19.388
2013    10   1   20.063
2013    10   2   20.938
2013    10   3   20.756
2013    10   4   20.324
2013    10   5   20.783
2013    10   6   19.558
2013    10   7   20.153
2013    10   8   19.223
2013    10   9   18.013
2013    10  10   17.636
2013    10  11   18.449
2013    10  12   18.345
2013    10  13   17.926
2013    10  14   17.704
2013    10  15   18.840
2013    10  16   18.530
2013    10  17   19.169
2013    10  18   19.135
2013    10  19   17.958
2013    10  20   17.505
2013    10  21   17.047
2013    10  22   17.253
2013    10  23   16.032
2013    10  24   15.189
2013    10  25   14.577
2013    10  26   14.107
2013    10  27   14.666
2013    10  28   14.042
2013    10  29   13.149
2013    10  30   13.300
2013    10  31   14.514
2013    11   1   17.156
2013    11   2   16.267
2013    11   3   14.499
2013    11   4   12.252
2013    11   5   12.037
2013    11   6   13.578
2013    11   7   14.954
2013    11   8   12.849
2013    11   9   11.672
2013    11  10   12.521
2013    11  11   12.412
2013    11  12   11.817
2013    11  13    9.896
2013    11  14    9.863
2013    11  15   10.690
2013    11  16   11.729
2013    11  17   12.499
2013    11  18   14.745
2013    11  19   12.209
2013    11  20   10.160
2013    11  21    9.697
2013    11  22   11.063
2013    11  23   11.144
2013    11  24    9.375
2013    11  25    8.453
2013    11  26    8.316
2013    11  27   10.284
2013    11  28    9.282
2013    11  29    8.156
2013    11  30    7.547
2013    12   1    7.680
2013    12   2    7.885
2013    12   3    8.348
2013    12   4    8.357
2013    12   5    9.327
2013    12   6   11.620
2013    12   7    9.906
2013    12   8    9.052
2013    12   9    8.855
2013    12  10    8.993
2013    12  11    8.495
2013    12  12    8.054
2013    12  13    7.720
2013    12  14    7.454
2013    12  15    7.397
2013    12  16    7.446
2013    12  17    7.473
2013    12  18    7.438
2013    12  19    7.518
2013    12  20    7.659
2013    12  21    7.808
2013    12  22    9.146
2013    12  23    8.014
2013    12  24    7.774
2013    12  25    6.980
2013    12  26    6.772
2013    12  27    6.797
2013    12  28    6.756
2013    12  29    6.758
2013    12  30    6.684
2013    12  31    6.335
2014     1   1    6.335
2014     1   2    5.981
2014     1   3    5.937
2014     1   4    6.061
2014     1   5    6.039
2014     1   6    6.117
2014     1   7    6.321
2014     1   8    5.226
2014     1   9    3.681
2014     1  10    4.137
2014     1  11    4.845
2014     1  12    7.515
2014     1  13    7.219
2014     1  14    6.462
2014     1  15    6.807
2014     1  16    6.403
2014     1  17    6.233
2014     1  18    6.183
2014     1  19    6.147
2014     1  20    6.140
2014     1  21    6.183
2014     1  22    6.119
2014     1  23    6.035
2014     1  24    5.762
2014     1  25    5.602
2014     1  26    5.787
2014     1  27    5.946
2014     1  28    6.005
2014     1  29    5.769
2014     1  30    5.744
2014     1  31    5.632
2014     2   1    5.879
2014     2   2    6.043
2014     2   3    6.371
2014     2   4    6.169
2014     2   5    6.174
2014     2   6    6.159
2014     2   7    6.141
2014     2   8    6.134
2014     2   9    6.123
2014     2  10    6.129
2014     2  11    6.152
2014     2  12    6.130
2014     2  13    6.087
2014     2  14    6.118
2014     2  15    6.139
2014     2  16    6.192
2014     2  17    6.217
2014     2  18    6.237
2014     2  19    6.242
2014     2  20    6.250
2014     2  21    6.245
2014     2  22    6.153
2014     2  23    6.211
2014     2  24    6.244
2014     2  25    6.258
2014     2  26    6.271
2014     2  27    6.265
2014     2  28    6.274
2014     3   1    6.272
2014     3   2    6.279
2014     3   3    6.335
2014     3   4    6.298
2014     3   5    6.272
2014     3   6    6.302
2014     3   7    6.242
2014     3   8    6.251
2014     3   9    6.331
2014     3  10    6.354
2014     3  11    6.400
2014     3  12    6.929
2014     3  13    6.469
2014     3  14    6.234
2014     3  15    6.297
2014     3  16    7.131
2014     3  17    6.394
2014     3  18    6.378
2014     3  19    6.798
2014     3  20    6.682
2014     3  21    6.735
2014     3  22    6.358
2014     3  23    6.809
2014     3  24    6.530
2014     3  25    6.347
2014     3  26    6.770
2014     3  27    6.332
2014     3  28    6.762
2014     3  29    6.880
2014     3  30    7.438
2014     3  31    6.454
2014     4   1    6.177
2014     4   2    7.903
2014     4   3    7.828
2014     4   4    8.026
2014     4   5    7.382
2014     4   6    6.957
2014     4   7    7.850
2014     4   8    7.961
2014     4   9    8.582
2014     4  10    8.588
2014     4  11    9.208
2014     4  12   11.105
2014     4  13   12.238
2014     4  14   12.445
2014     4  15   14.584
2014     4  16   15.446
2014     4  17   11.760
2014     4  18   10.797
2014     4  19   10.739
2014     4  20   11.847
2014     4  21   12.272
2014     4  22   12.605
2014     4  23   12.816
2014     4  24   13.423
2014     4  25   12.717
2014     4  26   13.345
2014     4  27   12.565
2014     4  28   12.673
2014     4  29   13.173
2014     4  30   12.675
2014     5   1   11.562
2014     5   2   13.004
2014     5   3   14.578
2014     5   4   14.902
2014     5   5   14.381
2014     5   6   14.525
2014     5   7   14.584
2014     5   8   15.072
2014     5   9   15.913
2014     5  10   15.535
2014     5  11   17.485
2014     5  12   18.391
2014     5  13   19.078
2014     5  14   17.674
2014     5  15   17.510
2014     5  16   18.827
2014     5  17   19.199
2014     5  18   19.642
2014     5  19   17.759
2014     5  20   17.490
2014     5  21   18.109
2014     5  22   18.689
2014     5  23   18.144
2014     5  24   17.838
2014     5  25   17.384
2014     5  26   18.190
2014     5  27   18.962
2014     5  28   19.338
2014     5  29   16.950
2014     5  30   16.796
2014     5  31   17.416
2014     6   1   17.413
2014     6   2   17.924
2014     6   3   18.769
2014     6   4   19.901
2014     6   5   19.877
2014     6   6   19.547
2014     6   7   19.244
2014     6   8   19.761
2014     6   9   20.695
2014     6  10   20.477
2014     6  11   20.645
2014     6  12   20.040
2014     6  13   19.332
2014     6  14   19.634
2014     6  15   19.880
2014     6  16   19.489
2014     6  17   20.170
2014     6  18   21.038
2014     6  19   22.163
2014     6  20   21.936
2014     6  21   20.838
2014     6  22   20.066
2014     6  23   20.184
2014     6  24   20.734
2014     6  25   21.128
2014     6  26   21.953
2014     6  27   22.841
2014     6  28   22.256
2014     6  29   22.210
2014     6  30   22.525
2014     7   1   22.821
2014     7   2   23.570
2014     7   3   24.055
2014     7   4   24.746
2014     7   5   23.741
2014     7   6   22.430
2014     7   7   22.642
2014     7   8   23.382
2014     7   9   24.263
2014     7  10   24.347
2014     7  11   23.642
2014     7  12   23.203
2014     7  13   23.334
2014     7  14   23.805
2014     7  15   24.527
2014     7  16   24.880
2014     7  17   24.561
2014     7  18   23.575
2014     7  19   23.126
2014     7  20   23.010
2014     7  21   22.921
2014     7  22   22.923
2014     7  23   23.840
2014     7  24   24.708
2014     7  25   24.368
2014     7  26   23.189
2014     7  27   23.356
2014     7  28   23.651
2014     7  29   23.455
2014     7  30   22.530
2014     7  31   22.502
2014     8   1   22.514
2014     8   2   23.425
2014     8   3   23.382
2014     8   4   22.660
2014     8   5   23.329
2014     8   6   23.944
2014     8   7   23.602
2014     8   8   22.739
2014     8   9   22.367
2014     8  10   22.793
2014     8  11   23.132
2014     8  12   23.344
2014     8  13   23.330
2014     8  14   22.681
2014     8  15   22.008
2014     8  16   21.120
2014     8  17   21.194
2014     8  18   21.832
2014     8  19   21.474
2014     8  20   21.253
2014     8  21   21.961
2014     8  22   21.843
2014     8  23   21.557
2014     8  24   21.567
2014     8  25   21.779
2014     8  26   22.736
2014     8  27   23.246
2014     8  28   23.743
2014     8  29   23.310
2014     8  30   22.009
2014     8  31   21.927
2014     9   1   23.119
2014     9   2   24.312
2014     9   3   24.903
2014     9   4   24.231
2014     9   5   23.457
2014     9   6   24.112
2014     9   7   25.012
2014     9   8   23.176
2014     9   9   22.202
2014     9  10   21.355
2014     9  11   21.253
2014     9  12   21.847
2014     9  13   21.033
2014     9  14   19.548
2014     9  15   19.034
2014     9  16   18.396
2014     9  17   18.643
2014     9  18   18.799
2014     9  19   18.688
2014     9  20   17.262
2014     9  21   17.111
2014     9  22   19.663
2014     9  23   19.531
2014     9  24   17.590
2014     9  25   18.131
2014     9  26   17.835
2014     9  27   18.467
2014     9  28   19.642
2014     9  29   21.085
2014     9  30   21.445
2014    10   1   20.071
2014    10   2   19.476
2014    10   3   18.943
2014    10   4   18.491
2014    10   5   18.442
2014    10   6   17.701
2014    10   7   16.929
2014    10   8   18.354
2014    10   9   19.049
2014    10  10   17.724
2014    10  11   16.991
2014    10  12   16.316
2014    10  13   15.991
2014    10  14   16.121
2014    10  15   18.309
2014    10  16   20.141
2014    10  17   21.576
2014    10  18   20.837
2014    10  19   19.830
2014    10  20   17.908
2014    10  21   16.171
2014    10  22   16.976
2014    10  23   16.969
2014    10  24   15.027
2014    10  25   15.522
2014    10  26   15.731
2014    10  27   15.983
2014    10  28   15.853
2014    10  29   16.175
2014    10  30   17.078
2014    10  31   15.976
2014    11   1   15.374
2014    11   2   14.683
2014    11   3   13.460
2014    11   4   12.718
2014    11   5   13.789
2014    11   6   14.877
2014    11   7   14.477
2014    11   8   13.947
2014    11   9   12.829
2014    11  10   13.096
2014    11  11   13.285
2014    11  12   13.934
2014    11  13   15.130
2014    11  14   13.566
2014    11  15   12.700
2014    11  16   11.389
2014    11  17   10.876
2014    11  18   10.708
2014    11  19   10.550
2014    11  20    9.391
2014    11  21    9.194
2014    11  22    8.950
2014    11  23    8.606
2014    11  24    9.489
2014    11  25   12.180
2014    11  26   13.307
2014    11  27   11.722
2014    11  28   10.589
2014    11  29   10.167
2014    11  30    9.957
2014    12   1    9.816
2014    12   2    9.645
2014    12   3    9.459
2014    12   4    9.203
2014    12   5    9.220
2014    12   6    8.772
2014    12   7    8.630
2014    12   8    8.655
2014    12   9    8.038
2014    12  10    7.641
2014    12  11    7.664
2014    12  12    8.031
2014    12  13    8.297
2014    12  14    8.454
2014    12  15    8.460
2014    12  16    8.593
2014    12  17    8.516
2014    12  18    8.416
2014    12  19    8.581
2014    12  20    8.422
2014    12  21    7.974
2014    12  22    7.913
2014    12  23    8.125
2014    12  24    8.476
2014    12  25    9.092
2014    12  26   11.055
2014    12  27    9.894
2014    12  28    9.320
2014    12  29   10.062
2014    12  30    9.046
2014    12  31    8.113
2015     1   1    7.473
2015     1   2    7.004
2015     1   3    6.913
2015     1   4    6.841
2015     1   5    6.814
2015     1   6    6.896
2015     1   7    6.800
2015     1   8    6.601
2015     1   9    6.239
2015     1  10    6.232
2015     1  11    6.278
2015     1  12    6.247
2015     1  13    6.350
2015     1  14    6.366
2015     1  15    6.241
2015     1  16    6.312
2015     1  17    6.305
2015     1  18    6.145
2015     1  19    6.134
2015     1  20    6.347
2015     1  21    6.392
2015     1  22    6.246
2015     1  23    6.278
2015     1  24    6.112
2015     1  25    6.226
2015     1  26    6.351
2015     1  27    6.340
2015     1  28    6.332
2015     1  29    6.362
2015     1  30    6.368
2015     1  31    6.411
2015     2   1    6.425
2015     2   2    6.402
2015     2   3    6.419
2015     2   4    6.438
2015     2   5    6.451
2015     2   6    6.466
2015     2   7    6.490
2015     2   8    6.508
2015     2   9    6.510
2015     2  10    6.522
2015     2  11    6.535
2015     2  12    6.536
2015     2  13    6.576
2015     2  14    6.586
2015     2  15    6.605
2015     2  16    6.623
2015     2  17    6.630
2015     2  18    6.642
2015     2  19    6.654
2015     2  20    6.652
2015     2  21    6.676
2015     2  22    6.690
2015     2  23    6.681
2015     2  24    6.687
2015     2  25    6.725
2015     2  26    6.730
2015     2  27    6.741
2015     2  28    6.754
2015     3   1    6.750
2015     3   2    6.782
2015     3   3    6.786
2015     3   4    6.793
2015     3   5    6.794
2015     3   6    6.828
2015     3   7    6.832
2015     3   8    6.882
2015     3   9    6.900
2015     3  10    6.930
2015     3  11    7.166
2015     3  12    7.391
2015     3  13    7.074
2015     3  14    7.165
2015     3  15    6.993
2015     3  16    7.050
2015     3  17    7.479
2015     3  18    7.174
2015     3  19    6.957
2015     3  20    7.028
2015     3  21    7.177
2015     3  22    7.468
2015     3  23    7.279
2015     3  24    7.129
2015     3  25    7.576
2015     3  26    7.937
2015     3  27    7.581
2015     3  28    7.489
2015     3  29    7.233
2015     3  30    7.506
2015     3  31    7.403
2015     4   1    7.946
2015     4   2    7.811
2015     4   3    8.232
2015     4   4    8.429
2015     4   5    7.993
2015     4   6    7.573
2015     4   7    8.160
2015     4   8    7.466
2015     4   9    7.316
2015     4  10    7.784
2015     4  11    8.156
2015     4  12    8.602
2015     4  13    9.361
2015     4  14   11.443
2015     4  15   11.921
2015     4  16   12.342
2015     4  17   12.695
2015     4  18   13.411
2015     4  19   13.343
2015     4  20   12.450
2015     4  21   13.348
2015     4  22   13.307
2015     4  23   12.562
2015     4  24   11.619
2015     4  25   11.808
2015     4  26   12.505
2015     4  27   12.873
2015     4  28   13.335
2015     4  29   13.915
2015     4  30   14.037
2015     5   1   14.017
2015     5   2   14.563
2015     5   3   15.711
2015     5   4   16.781
2015     5   5   17.581
2015     5   6   17.534
2015     5   7   17.848
2015     5   8   18.462
2015     5   9   17.812
2015     5  10   19.465
2015     5  11   20.216
2015     5  12   19.646
2015     5  13   18.258
2015     5  14   17.554
2015     5  15   17.620
2015     5  16   18.100
2015     5  17   19.226
2015     5  18   18.908
2015     5  19   18.780
2015     5  20   17.923
2015     5  21   16.873
2015     5  22   17.377
2015     5  23   16.683
2015     5  24   17.330
2015     5  25   18.348
2015     5  26   19.319
2015     5  27   20.304
2015     5  28   21.061
2015     5  29   20.846
2015     5  30   21.160
2015     5  31   20.729
2015     6   1   17.641
2015     6   2   15.704
2015     6   3   16.475
2015     6   4   17.324
2015     6   5   18.051
2015     6   6   18.965
2015     6   7   18.552
2015     6   8   18.739
2015     6   9   19.714
2015     6  10   20.132
2015     6  11   21.028
2015     6  12   21.170
2015     6  13   21.889
2015     6  14   21.715
2015     6  15   20.278
2015     6  16   19.902
2015     6  17   20.502
2015     6  18   20.362
2015     6  19   20.894
2015     6  20   20.487
2015     6  21   21.649
2015     6  22   22.532
2015     6  23   22.793
2015     6  24   22.625
2015     6  25   22.197
2015     6  26   21.886
2015     6  27   21.352
2015     6  28   19.490
2015     6  29   19.559
2015     6  30   20.861
2015     7   1   21.653
2015     7   2   21.586
2015     7   3   21.487
2015     7   4   21.263
2015     7   5   21.551
2015     7   6   22.461
2015     7   7   23.026
2015     7   8   23.857
2015     7   9   22.884
2015     7  10   22.945
2015     7  11   23.145
2015     7  12   23.701
2015     7  13   24.191
2015     7  14   23.923
2015     7  15   24.115
2015     7  16   22.775
2015     7  17   22.481
2015     7  18   22.823
2015     7  19   24.283
2015     7  20   24.981
2015     7  21   24.513
2015     7  22   23.916
2015     7  23   23.278
2015     7  24   22.819
2015     7  25   22.616
2015     7  26   22.837
2015     7  27   23.644
2015     7  28   24.302
2015     7  29   24.936
2015     7  30   25.194
2015     7  31   24.803
2015     8   1   24.079
2015     8   2   23.769
2015     8   3   24.473
2015     8   4   24.592
2015     8   5   23.619
2015     8   6   23.080
2015     8   7   23.049
2015     8   8   22.986
2015     8   9   23.042
2015     8  10   23.229
2015     8  11   23.192
2015     8  12   23.648
2015     8  13   23.357
2015     8  14   23.604
2015     8  15   24.350
2015     8  16   24.642
2015     8  17   25.400
2015     8  18   26.023
2015     8  19   26.008
2015     8  20   25.761
2015     8  21   25.269
2015     8  22   24.715
2015     8  23   24.347
2015     8  24   24.824
2015     8  25   24.874
2015     8  26   24.184
2015     8  27   23.445
2015     8  28   23.061
2015     8  29   23.068
2015     8  30   23.698
2015     8  31   24.358
2015     9   1   24.384
2015     9   2   24.502
2015     9   3   24.994
2015     9   4   24.521
2015     9   5   23.242
2015     9   6   23.524
2015     9   7   24.068
2015     9   8   25.084
2015     9   9   25.470
2015     9  10   24.750
2015     9  11   22.762
2015     9  12   23.083
2015     9  13   22.573
2015     9  14   21.344
2015     9  15   21.609
2015     9  16   22.660
2015     9  17   23.195
2015     9  18   23.302
2015     9  19   23.237
2015     9  20   22.858
2015     9  21   21.037
2015     9  22   20.420
2015     9  23   20.588
2015     9  24   21.257
2015     9  25   20.716
2015     9  26   19.883
2015     9  27   19.174
2015     9  28   20.315
2015     9  29   21.857
2015     9  30   22.963
2015    10   1   20.309
2015    10   2   18.893
2015    10   3   17.797
2015    10   4   17.525
2015    10   5   17.336
2015    10   6   17.921
2015    10   7   18.403
2015    10   8   18.433
2015    10   9   18.589
2015    10  10   17.779
2015    10  11   17.265
2015    10  12   18.305
2015    10  13   18.951
2015    10  14   18.626
2015    10  15   17.398
2015    10  16   17.213
2015    10  17   16.313
2015    10  18   14.529
2015    10  19   13.427
2015    10  20   15.014
2015    10  21   16.620
2015    10  22   17.482
2015    10  23   16.127
2015    10  24   14.508
2015    10  25   15.603
2015    10  26   15.056
2015    10  27   14.405
2015    10  28   14.765
2015    10  29   18.341
2015    10  30   16.459
2015    10  31   15.041
2015    11   1   15.517
2015    11   2   15.960
2015    11   3   16.292
2015    11   4   16.815
2015    11   5   17.312
2015    11   6   18.689
2015    11   7   17.820
2015    11   8   15.998
2015    11   9   15.065
2015    11  10   15.198
2015    11  11   15.227
2015    11  12   15.277
2015    11  13   15.507
2015    11  14   14.067
2015    11  15   13.148
2015    11  16   13.797
2015    11  17   12.582
2015    11  18   12.233
2015    11  19   13.637
2015    11  20   15.020
2015    11  21   13.091
2015    11  22   13.027
2015    11  23   12.156
2015    11  24   10.729
2015    11  25   10.684
2015    11  26   11.799
2015    11  27   13.627
2015    11  28   13.956
2015    11  29   11.853
2015    11  30   10.662
2015    12   1   10.611
2015    12   2   11.515
2015    12   3   12.408
2015    12   4   11.384
2015    12   5   11.085
2015    12   6   10.982
2015    12   7   11.029
2015    12   8   11.009
2015    12   9   11.341
2015    12  10   12.426
2015    12  11   12.502
2015    12  12   12.675
2015    12  13   13.606
2015    12  14   13.704
2015    12  15   14.884
2015    12  16   13.046
2015    12  17   12.623
2015    12  18   13.153
2015    12  19   11.364
2015    12  20   10.241
2015    12  21   10.197
2015    12  22   11.957
2015    12  23   12.983
2015    12  24   14.382
2015    12  25   14.210
2015    12  26   13.444
2015    12  27   13.131
2015    12  28   11.743
2015    12  29   10.234
2015    12  30    9.956
2015    12  31    9.898
